-7.529755 -2.471028
-2.477581 0.621068
-1.939332 2.963512
-1.984685 0.939037
-4.477820 3.077162
-9.639676 -1.262278
10.989348 0.530645
4.605051 -2.951750
4.476022 5.354011
-5.269344 4.628469
-9.522575 -0.833704
9.806293 -3.302174
-5.093392 -5.919543
-6.920925 -3.751253
2.143333 3.196134
4.665604 -1.373132
-10.801117 0.574342
3.931072 0.238226
10.670274 1.384881
9.681646 -5.800405
10.260206 -2.435746
6.019490 3.615968
9.199347 1.978755
6.022618 -2.417627
3.922596 1.947132
-1.202109 1.254234
9.681108 1.178872
-4.160522 0.432930
9.262610 -2.283684
9.804844 1.973762
10.382291 3.149091
-10.415996 4.087409
5.076594 -6.011664
8.640671 0.621297
-9.019840 -3.533061
7.215184 -4.272412
7.370525 -1.794230
-10.561975 -6.058505
-6.582976 3.407824
-5.944182 3.901214
-7.309692 1.301743
-6.243654 -0.099685
-10.319468 -0.218478
2.551907 1.101623
1.913885 -1.917741
4.061589 -3.761287
-10.407964 -2.078653
-5.752438 4.876073
-7.357577 2.231374
5.641583 4.354848
9.787580 6.911553
10.804227 0.906451
9.974552 2.265059
-2.639815 -0.224149
2.503452 0.792767
10.228354 6.699735
-8.758101 0.090595
-7.771290 -2.686983
-0.962874 0.741549
7.166486 -3.428498
-0.233915 1.585765
6.910302 1.792499
-10.706178 -1.276901
1.793076 2.049219
-5.146169 1.389333
6.121973 3.168916
8.747506 -2.837104
4.098931 -0.786017
-2.829534 -1.427018
-2.364490 -2.921857
2.926065 -1.116044
-7.234323 -1.172784
3.905276 -3.676668
0.665152 4.834578
0.456279 4.334143
1.652592 -0.548642
4.521918 1.111911
-8.136685 -0.529920
2.220285 -3.003683
9.991333 6.554168
-7.368895 -0.006653
5.486056 -4.668889
-2.019631 1.866961
0.380568 -0.365744
-8.335880 1.948900
1.056243 2.466197
-6.670821 0.309629
8.273030 0.615049
-9.630158 2.420869
4.884408 1.763853
6.485730 3.707658
-5.767239 -3.886891
3.175280 -2.475241
7.118128 -0.861660
-4.794040 -5.711907
9.631402 0.664950
-8.150516 3.930195
-11.270408 -2.135310
8.696310 3.082844
4.582612 -4.981811
-1.394297 1.305238
-6.054410 -3.805231
6.004138 -0.688395
-10.633694 0.136260
0.267395 0.655229
11.026423 4.863374
-11.224246 3.350196
-6.685615 -3.726848
-10.044625 -1.142099
-9.383550 2.140588
7.271118 3.148808
6.389073 -2.520734
8.300436 -1.139700
7.776237 2.023939
-1.142284 -0.798612
-0.526260 -0.415937
7.275920 -1.561720
-7.496840 1.959934
5.066939 3.708807
9.823037 -1.586020
-9.133031 5.001770
-8.476983 -3.771240
7.658140 -3.030604
0.807680 -2.968528
9.858548 -2.135094
-1.593784 0.196683
-11.345107 0.352820
-1.131516 2.052945
1.842142 -3.016893
10.484841 5.509279
10.084956 -4.353595
-9.900427 -4.363044
-4.454961 -5.203746
2.570260 -1.382617
4.845037 -4.154310
1.781258 -2.416198
-10.632854 -4.338981
3.938461 -0.043999
0.456384 -5.204478
7.604043 1.509962
-9.754149 -6.954052
-1.158404 -1.993043
4.049586 -0.369883
-0.190277 3.681459
-0.752920 -0.681521
6.198678 -2.880755
-3.871007 0.382338
6.117395 -0.578275
-9.004259 -2.999978
0.108460 2.781584
4.139277 2.988932
-0.373717 5.749085
7.929590 2.386467
4.168762 1.255993
-5.421125 0.968480
4.121515 -2.361126
5.935699 -3.366356
6.571183 -1.156203
7.384762 -2.343442
-6.871362 4.276552
-4.592593 3.731921
5.867356 -4.457653
-8.579560 -1.966678
4.189537 4.796424
-10.067291 -4.292763
5.071548 0.862154
-4.691568 5.357665
4.945243 -0.351499
-1.651638 -1.532770
-8.477964 3.669103
6.103343 -4.628282
3.317249 1.554037
-4.908425 3.705703
10.687403 -1.191018
-2.517675 -3.198703
-10.077513 6.474096
-3.116300 0.491159
-0.141210 -5.885422
0.190121 -3.815207
0.669695 3.841241
-8.401645 0.817395
5.349965 -5.175215
8.645688 0.942461
10.413663 5.726354
5.492421 0.267021
4.966950 4.488473
6.014984 1.811379
-2.355218 3.156928
9.513998 -4.170949
-9.101587 -4.475456
-8.679487 -3.357689
2.732906 -2.813783
-1.023356 -0.894126
7.875248 -1.178429
-3.703228 2.799546
-6.684431 -0.524067
-4.445623 2.029690
9.056651 -0.836976
6.826978 -0.688549
0.112815 -0.031110
0.428641 -4.888547
8.350546 -3.973774
4.817425 0.644175
10.772071 1.989387
8.669080 -0.962707
10.268375 6.335519
-0.202916 5.707240
-2.448225 0.091872
5.182697 1.031973
7.069880 0.113279
7.003705 3.132227
6.668364 -1.496274
-4.276321 -5.238326
3.271347 -1.998544
8.579628 1.913388
-5.951206 4.685691
-1.609476 -2.279821
-4.073353 3.157902
-5.552397 4.932448
-4.913069 0.705942
9.321275 -5.049849
-5.304219 1.741299
4.378889 -4.348708
10.523565 -2.511550
5.202499 3.188922
4.523936 -3.945663
4.616643 -4.363239
-1.808421 -2.049246
3.159519 3.317066
2.726129 2.373004
-7.585117 -0.594574
-1.705624 -0.043373
-8.123741 -2.520950
-5.714870 5.512431
7.207974 -1.173774
0.230719 -3.248847
8.631623 2.745574
10.759180 2.321370
-8.358603 2.226030
-1.727101 1.588316
8.399278 4.017937
-10.728131 -4.808071
4.884464 2.695299
5.928116 -2.553931
7.087228 -0.193585
3.461569 -2.389496
-6.499079 -1.057866
-2.820781 -0.483375
6.585843 0.844282
1.353766 -1.978189
-0.123766 0.456536
-8.381174 -2.089601
-0.551688 -0.817939
9.263951 0.441900
-10.271711 -1.309822
-9.374810 2.768657
-0.001623 4.433572
-7.399782 4.284435
-5.032848 -4.529736
-2.854044 2.549519
-10.297958 -5.558336
3.642943 -1.557490
-4.295369 0.926592
-0.623849 -2.413321
10.494049 -0.166961
-5.914038 -3.619045
-4.119327 0.761028
-6.716912 2.742867
8.884602 -4.210101
-2.735904 1.144673
7.500175 -3.459171
0.668323 -2.569332
-4.519130 2.700746
-4.176787 4.391636
6.040985 4.202114
-0.732503 -4.627768
-11.004598 -2.850739
-11.109296 3.101686
4.088401 -1.112451
6.426936 0.576136
-7.358006 -2.629379
-10.744490 1.681868
0.289465 1.879376
8.953635 2.499225
-10.778103 -4.238850
-10.479757 -1.253474
-10.961018 -0.216948
10.653423 1.822944
9.548417 -1.046480
8.890197 3.222085
-5.917463 1.607823
2.840301 0.500605
-6.041022 -3.278743
8.944468 -1.253345
-10.453674 6.351761
9.162495 -0.211988
2.363153 0.436279
-6.551972 1.535718
-3.703699 1.530002
2.375647 1.851269
-10.579747 4.005075
10.757028 0.554865
-7.378655 4.046814
10.022552 1.413877
8.524567 1.674753
5.311280 -0.954447
-8.958343 1.437178
0.170866 -0.724924
-4.673081 -2.053527
-6.133248 1.352756
7.347916 4.026247
-10.078537 -0.292859
4.359488 3.154377
9.698472 -4.259701
-7.759706 -1.742414
-4.306448 5.047631
-9.239160 -2.025486
2.391264 3.021524
-6.358137 -0.614367
5.505545 3.598668
3.769570 1.296571
-7.182540 0.472746
9.466378 -3.120096
-4.083731 2.929190
9.086109 -4.946570
8.394454 2.673901
10.951236 1.438770
-10.210222 -2.075109
-9.037948 2.152299
10.318935 -5.612224
-2.522826 -0.614725
-0.307346 -1.280103
-7.476758 2.972110
-9.053469 -4.998882
9.346620 1.334501
-0.100166 -2.184181
-2.801677 -3.238805
5.222279 -4.946081
-9.163377 5.391964
5.859262 1.448329
-6.170602 1.971954
3.320528 -2.758889
-10.380256 6.088617
-1.708916 -1.886390
-8.958879 -4.091733
-10.095802 -3.154267
5.800915 1.840252
4.281047 0.050891
-0.390553 1.439221
0.888171 -2.144266
-2.572249 -1.712432
6.975288 2.321254
-2.546784 3.023281
4.551345 1.581134
5.919779 0.671537
-6.941497 0.045190
-9.481112 -1.778026
0.911705 -2.572733
1.341605 0.588293
1.475790 -2.270721
-11.097507 4.235626
-5.347198 0.557316
-10.206446 -3.571097
10.061700 4.240082
-10.306991 -6.824533
-9.725594 5.467789
4.444152 -0.199085
-3.679323 -2.341635
-0.923490 -3.499180
6.504128 -2.724239
7.117406 -2.805787
0.432781 -2.036019
5.048510 -0.709705
-9.864042 -5.041511
0.644445 -1.326361
-10.663239 -3.298200
-0.553178 -3.548185
0.072125 2.293727
-9.330104 4.128986
9.372164 -1.890522
-5.931805 -4.418405
-5.320125 2.239593
-4.927391 -3.685525
2.173116 -1.911455
4.860553 -0.062017
10.489929 4.877374
10.512685 -5.033912
-5.194932 -3.605852
10.737022 -0.098805
11.134027 2.319067
-8.563445 2.117278
3.885321 -1.058563
-10.575427 -0.116438
-5.840136 -1.737114
-6.235867 2.983095
7.714722 -4.304183
-10.608581 -5.778936
10.443675 6.216674
-0.766811 2.077648
4.187972 0.823501
-4.984470 -4.865089
-9.889472 5.919619
-9.883472 2.939365
8.650960 -2.584778
4.071518 4.924462
9.539959 -0.738721
1.387807 0.098098
4.607614 2.926510
0.487527 5.255490
0.138705 5.197737
-5.235718 -5.144083
-5.764999 1.299765
-9.995179 1.906157
1.635661 2.659009
3.002906 -1.444300
-9.905939 -2.062977
4.131466 -4.966601
11.077741 3.681321
-5.088315 -2.969324
2.541513 1.517554
9.087863 -3.926388
-4.521266 -2.824333
2.578605 2.413300
-4.535686 0.775825
-7.974319 0.135712
3.609555 1.508654
5.134273 -2.718151
3.624183 -2.061645
6.010885 4.017437
5.057750 3.878135
9.670462 1.398720
-9.830167 -5.936384
-9.473700 -5.236361
-8.965658 4.452814
-11.054124 -4.135066
-4.528894 4.783566
-11.216547 3.602667
1.573302 -0.121215
-5.778765 -2.770709
-10.003443 4.431747
0.369449 -1.600865
7.276997 -3.937058
8.708136 -2.359479
5.630040 2.252922
10.081090 6.829460
-2.484895 2.048372
-4.784825 5.109734
-10.814487 -5.592720
-9.340909 2.360848
0.662916 -2.348121
-7.243218 -4.470495
-10.948284 3.410624
3.692165 -0.899683
3.816856 -1.938701
-2.002398 -0.285537
-0.529828 0.872296
8.082049 0.832894
-6.347473 -3.265039
5.711892 3.585357
-0.916814 -2.155609
2.032599 0.539324
1.213909 1.847633
-5.971124 2.492172
1.050900 2.030656
3.587204 3.453231
0.580455 2.520343
2.872368 -0.782361
4.870362 -5.041039
7.684859 -0.010542
-3.060030 1.904634
-8.256595 0.634867
-0.808584 -0.143864
6.404697 2.148492
-0.778799 2.671081
-1.118942 0.411385
2.434402 3.615341
10.705320 -4.797023
-9.182954 4.278776
-7.474137 -0.946045
8.275484 1.524317
-0.908206 0.202396
1.773253 -0.954893
10.605269 5.918572
9.750250 4.913758
7.203352 -3.697023
-6.740309 -1.139189
8.384907 -0.793926
10.450083 -2.357131
-0.874630 -2.643979
0.772357 -3.444061
-9.065730 2.692624
-7.081869 -3.817269
-1.956076 0.668785
-4.336854 2.899267
-10.752824 -5.847257
-8.874188 2.483221
-10.936521 -4.260250
11.141384 0.146230
-8.374211 0.368136
-2.590419 -3.458120
-4.892882 0.526761
0.237561 -2.499390
-10.389853 -4.821628
-5.462379 1.580623
10.996530 2.930733
-2.013582 0.505335
4.301111 0.206002
-5.161629 4.301646
0.410893 -4.286400
3.071086 -3.135912
-1.911130 -1.181908
-10.259627 -5.236783
-4.263420 -4.025212
-0.108120 5.191354
5.841372 -4.204575
4.232559 -4.292750
-2.946785 -1.209001
-0.648841 -1.234531
-9.533842 4.361284
-8.707056 -1.211322
-5.473053 -3.183873
4.138099 0.284588
-7.437911 -0.493849
-3.851019 3.271955
0.629512 0.009913
-5.911541 -5.021509
-8.810250 -3.464601
7.215388 2.636430
-5.309798 -2.965638
-1.921242 1.644588
5.264131 5.716805
10.217293 4.499126
-4.622845 -3.120550
7.852808 -2.167625
5.600786 -4.921314
-0.445298 4.857514
-5.275377 -0.778210
9.610774 5.951770
4.972503 1.454410
-9.900654 -1.603920
-5.289092 -1.223839
-0.048513 2.560244
-0.090333 1.927491
1.978557 -1.146682
0.002238 -2.866418
-2.925394 3.135944
-9.532359 -4.866652
2.990967 -1.802232
4.082169 -4.743034
-7.579733 2.213493
5.986619 1.163013
-3.300832 -0.172083
-7.460679 -1.702665
-11.280918 -0.599535
-11.297469 0.881388
-4.968051 1.239851
5.586476 -0.954595
3.915764 -4.177441
10.579882 -4.524484
10.078886 -0.938372
9.483305 -6.231081
5.547302 0.727539
-8.478063 -3.456268
8.886190 0.751493
1.035937 1.851615
-7.161681 -2.759615
9.660877 -3.085428
6.081122 -3.481152
-3.154155 -3.316375
10.154416 3.938562
0.519824 3.396995
-5.561692 4.747928
10.319834 2.005298
0.645728 4.061905
9.649824 -1.667996
-9.983489 5.273180
0.934357 0.673218
4.636670 1.399752
-5.388911 0.150537
9.259755 1.044635
-3.482340 2.456496
8.497435 -3.666481
3.032611 1.976829
-2.437003 -1.964167
-4.365390 4.263875
4.855578 2.000249
10.337633 -3.695322
10.166778 2.849327
6.512700 1.146165
8.013712 3.172509
-8.481391 1.799378
-7.242425 -3.428536
-10.856287 -0.838734
1.382108 1.176977
9.729057 -2.441377
1.843903 2.463887
-5.319376 -0.200459
-5.976923 -1.176113
-9.220158 -3.671168
2.677767 -1.946339
-11.363319 -1.762580
0.138320 4.584012
-9.682103 1.696565
-10.571314 -0.297593
10.216899 -1.511082
-10.199217 5.781640
0.463142 -2.897026
-5.759545 -4.777730
-3.918694 1.382871
-5.618231 3.031918
-5.099378 -2.614029
-11.136456 -2.265676
8.585727 2.329031
-9.232958 -4.670442
5.891960 -1.545494
-1.059053 2.452018
0.500360 3.844698
3.849886 -4.014559
-6.362347 -2.015253
1.124027 -1.771601
-9.565902 3.395917
8.722762 3.335213
-0.325810 3.186345
-4.372379 -2.496269
-3.259913 1.066329
-10.999501 2.559515
-7.160838 -1.336599
-10.364879 0.820106
-6.457399 -3.417966
1.251331 1.090235
11.018688 0.853503
3.665549 -0.148158
3.519600 1.684013
-8.515841 -2.645112
8.340062 -2.536415
-6.557056 -1.469097
-7.662499 3.108911
9.100765 -5.299197
-8.382248 -4.099776
-8.141661 3.459813
9.625607 -5.956107
0.763006 4.507444
10.277472 4.639165
-9.462139 -1.983087
-2.349746 -3.564479
-9.694488 -6.100314
-7.022243 3.956485
-0.909979 4.094418
5.491559 -2.361769
-0.500657 5.025180
8.121670 -2.881333
5.707377 -3.637883
-0.444340 -4.927500
8.330710 0.054042
-5.344919 -2.419792
0.522749 4.615666
2.250093 -3.346241
5.576659 3.751511
-7.695600 -1.383034
2.765321 3.219329
8.745991 -1.300661
3.939620 -3.150709
2.878697 -2.378907
-4.263200 1.763281
-8.152243 -0.212177
10.695223 -1.857372
-9.127602 -0.158568
3.897820 -0.190713
5.779845 1.002766
-4.607112 1.391395
-2.508871 2.623137
9.678545 -1.869186
6.962293 0.236407
0.747473 -2.758498
-8.895247 -1.858849
-5.402716 -5.110783
-7.586505 3.264491
10.061421 -3.976665
4.373295 -3.029397
-0.663037 1.588094
-0.501586 2.277162
5.679533 4.949408
-2.489775 -0.832864
7.614649 3.480915
-7.706080 -4.353290
-5.952229 -2.568202
-0.128476 -2.959567
-6.711195 -0.234601
9.367321 -1.527770
-10.156025 -4.075181
-7.566044 -1.104421
8.957891 0.540177
6.843966 4.235619
-11.039573 -3.765094
4.689541 5.871813
4.190565 -5.179582
10.471403 6.454059
-5.395367 3.814590
8.624960 1.253158
6.348742 0.163421
6.776114 0.718139
-5.750443 -3.058036
-4.125352 3.924670
-6.220171 -4.273353
-9.864982 -2.772780
10.760767 -5.392816
-9.919861 1.513662
10.343757 -5.859547
0.312295 2.943987
-5.821001 2.426944
-8.040666 3.635767
9.377380 5.739442
-7.577830 -4.211063
9.290908 1.527459
-4.795876 -5.264203
0.236975 0.185278
2.037182 -0.596189
9.442240 5.250884
10.276974 -4.409852
4.016011 1.502978
-4.156996 -1.971890
-2.875041 2.107911
11.193874 1.036580
-3.386132 1.903522
-11.050130 4.610243
-5.453562 4.433128
-0.282985 -2.913026
-9.986511 -6.263061
-11.093333 -1.366994
7.079218 2.956107
-1.629430 3.046944
-6.815392 -3.456905
-7.438812 -3.262987
-6.952918 2.262796
-2.658270 0.534456
11.117798 4.144864
-4.327422 2.573426
4.683650 -4.676511
3.334748 1.050104
-4.441703 -2.130251
-4.994514 -0.864755
-4.617874 -0.040828
0.986901 -0.745035
-6.860474 -0.967374
-7.956553 0.465395
10.850186 2.716397
4.438176 3.852509
-0.202628 -4.729810
5.501919 -2.949534
-4.692354 5.799782
10.096214 -1.146637
-8.261344 1.188534
4.164073 -1.506873
-9.469926 3.228598
0.339798 -0.029331
-3.033367 1.656218
8.274273 -1.334094
0.023616 3.673974
-5.447788 3.133575
-5.826846 5.063243
-0.180464 6.044952
6.431687 -0.083646
3.962371 -4.402000
7.876806 1.185196
-4.352475 -4.299771
10.944470 1.033762
-6.777472 -4.008287
11.030309 -4.178974
-9.438862 -5.056609
6.389395 3.340228
0.420305 -1.382429
2.022466 -2.628558
9.045209 -2.885598
-9.331753 5.845826
-4.716658 -1.290683
-1.897846 -1.821592
-9.055655 0.541790
5.143092 -3.274976
1.449628 1.564251
-7.390184 -4.379974
-8.303683 -1.954983
-9.313069 0.180366
-6.346410 1.890909
-9.564939 4.580309
-6.707285 -2.124923
-4.055654 2.555357
-5.527914 -2.322891
10.547566 -1.973637
0.391585 -5.510754
-4.464376 -0.294001
1.398878 -1.681278
0.157972 -4.864528
-8.237962 4.072272
-4.080643 2.307131
-7.086358 2.115078
3.284063 3.078680
9.779357 4.521296
3.006983 1.615450
-6.893783 2.421846
9.999602 0.977581
9.040460 0.983784
9.118454 5.141953
7.679266 -0.514911
6.823008 2.476787
1.499188 -1.401718
-4.322039 -3.420035
-4.891759 2.924046
6.298588 1.561917
7.015509 3.506645
-6.096481 0.878278
2.054059 3.542148
-0.871831 -1.522424
-4.607773 -4.187057
-9.779920 2.334134
11.236835 -3.406026
-9.316218 0.496758
7.524638 -1.979293
-9.639687 -2.231579
8.158891 4.253616
11.173022 0.367809
4.595722 0.512220
-6.348054 2.777067
9.079685 5.291241
6.278215 -3.442666
-9.635064 -5.830447
-8.175355 -0.874982
9.839751 -0.902527
5.009052 -0.186654
4.606013 -3.711879
-10.961036 -2.216199
2.214897 3.516731
6.648459 -3.285362
2.577037 -3.400434
-7.881343 -3.282640
-9.750319 -2.912303
-0.683522 3.482704
-5.538635 -5.231092
-2.901057 -0.990697
-5.319241 -3.848123
-8.805368 2.937723
-6.863765 1.673146
-8.430394 -3.104873
-4.866205 2.161279
4.341133 5.523978
-7.599674 4.166876
-8.474980 -1.350852
5.072896 -5.314861
-2.664501 -0.032865
-5.032797 4.784120
-0.963423 1.561738
-0.136106 5.395296
-0.444756 4.555696
-2.392937 -3.073505
6.893451 -1.304572
-0.077615 1.237160
7.671978 1.301120
-9.398907 -0.540576
10.428852 1.016147
0.847204 2.472661
-7.292381 2.782816
-0.846435 -4.250297
5.460093 4.915058
-5.528562 -4.632675
-9.380920 -1.653102
-9.905601 2.486234
10.795894 4.090133
-6.330534 -3.057608
9.828080 3.413908
-5.631075 -5.367979
9.131938 4.700530
4.407299 -1.631813
-0.505102 -3.363147
6.963204 1.625589
-7.051724 -2.364540
-8.877936 -0.016670
1.421033 -0.116467
-4.417850 -0.120512
7.470982 1.797743
-2.456350 -0.236598
-8.024648 -4.470792
9.302131 4.484154
-9.382441 5.608056
-9.369634 3.523324
8.252441 -2.086922
0.681233 -4.045907
7.029310 -3.811983
-6.703965 2.978235
4.486485 2.251884
-10.306835 -4.112574
8.900093 3.755853
-10.657369 -2.373271
-11.096953 1.328543
4.141364 -0.632263
5.786805 0.016399
4.856463 -4.309745
4.928852 -0.852835
-0.256577 -5.723400
-8.580100 -1.066394
-10.150458 5.454531
-10.379663 -1.019007
-8.929124 4.195820
10.286595 -2.787705
11.117653 1.226154
8.642106 -3.066480
-10.645526 -0.739133
-7.029358 0.303739
0.911703 -3.291389
-1.910352 -2.820969
-3.227548 -2.708337
-11.118246 -2.965904
6.125958 2.945341
8.990438 4.052024
4.692278 -2.084163
-10.140538 0.449074
-5.045541 -0.293570
9.647870 2.427846
-0.488206 -1.530530
-6.262892 3.146467
5.128514 4.556079
4.736317 3.412158
2.290936 1.020217
2.419393 -2.834344
9.001851 -4.541793
9.206210 5.380275
6.523255 2.529328
9.595274 4.530104
-3.277658 -2.351301
11.113250 -2.748812
4.639684 2.129060
-6.861554 3.963424
5.287733 0.421090
5.071466 4.130116
9.201688 -2.128828
5.571253 -1.355336
2.844009 3.358858
3.871009 -2.621657
5.051055 -1.583101
-9.573650 -4.082426
-9.992282 3.915869
-10.979513 1.824858
9.487646 6.208214
9.655172 0.191163
4.450560 -0.654137
1.762854 1.184951
8.211132 -4.152933
-6.720938 4.262370
-7.391722 1.466041
2.563955 -0.930499
-10.506596 -2.205609
-9.772431 1.050216
6.349154 -3.308013
5.584646 1.008652
1.663977 1.362507
-7.197795 -0.557575
4.500133 3.232270
0.315576 -1.129248
-9.801724 -3.621163
9.279548 -4.064890
2.908545 -0.079882
-9.735059 6.389896
-10.373500 2.891237
10.096667 -1.919907
-0.377330 -0.782899
0.679217 2.697096
0.930641 3.340178
-10.114914 -5.518088
6.498440 -0.890797
-5.037102 2.303755
4.634264 2.696812
-10.640967 2.892736
-11.113128 -0.553432
7.120838 1.079413
-5.484989 -0.388422
10.166685 -1.333048
-5.090787 5.523944
8.721884 2.221107
-0.271727 -4.393833
9.646984 -1.415460
-9.067277 0.049041
7.515544 2.837470
-4.280383 3.370646
-3.060302 0.934687
-2.854826 -0.708050
-9.674923 -4.788214
-5.587603 1.981048
-4.632327 -5.598949
-9.680735 6.655745
-3.698558 1.055460
1.132770 -0.794279
1.797350 -2.575159
-3.266392 -3.118434
-4.936651 -3.432086
5.323743 1.524914
-9.017778 -1.526678
1.894830 1.645510
-4.054142 -2.207629
-2.434314 1.903762
-1.957275 -3.275976
1.853205 0.952976
-2.077121 -3.131917
0.611294 -4.944523
-6.861558 0.172599
8.562102 -0.358480
-9.990401 0.255515
1.812868 -0.371958
8.817975 1.256317
-9.620316 5.809515
1.689217 0.935901
-1.609085 -3.017455
4.428948 2.571797
5.488953 4.724061
1.483509 -0.549269
-0.868028 2.468833
-6.898889 -1.600806
-3.874085 -3.392885
-0.799788 2.326367
7.562344 3.689755
-7.804223 -2.528333
5.589068 -0.336113
-7.695371 -3.282580
-2.712245 -0.642872
-5.827414 4.421464
-4.703475 2.641233
-5.146541 -0.583297
-0.786645 3.763292
-8.331309 -2.231738
-3.484698 0.688025
-6.168289 -2.995535
-10.211187 4.923053
-5.678461 -1.430384
4.353477 -3.729737
-8.516476 -0.399527
10.463506 -1.054896
5.019371 1.124881
5.738522 -2.393493
-5.875050 -3.238666
9.297623 2.198039
1.887100 -1.374319
2.155562 -1.509898
-1.303382 1.483834
-2.901945 0.744397
10.388984 -1.632555
5.899189 4.752106
2.185879 -0.324933
-11.366353 0.634405
-4.832088 5.895957
1.465821 0.993565
-3.957439 -3.962801
-4.838543 -0.154213
7.939827 -4.473491
-3.078227 -2.154648
-10.719885 -5.131459
-10.866113 4.879239
-7.991181 2.883112
-8.154472 0.160708
1.495861 -0.716291
10.610320 2.719918
-9.524587 1.713710
-1.912098 0.010112
-3.371172 -0.313923
2.754791 -3.431086
0.066563 -3.543262
8.139863 2.974605
-7.555352 0.681516
-10.526442 0.608936
-3.936072 -2.808731
4.489760 4.044499
-3.881198 -0.483142
7.137175 2.359484
-0.499798 -4.766901
-5.485214 -4.144289
-10.666189 -1.005822
9.709990 0.412119
-1.360561 -2.092843
0.875126 1.864365
9.455464 2.310573
-9.730938 0.822000
-5.626826 4.206533
4.757303 0.941634
-5.874561 0.285900
10.314024 -5.034893
-8.900016 0.240528
0.567469 -3.337221
-2.632786 -2.886965
10.048472 -4.966423
-3.921600 4.265511
10.118827 4.972347
-9.454620 6.036514
4.510705 -2.558504
-11.038957 -2.691988
-0.572135 3.686402
5.456449 -5.824618
-6.356728 0.084894
-7.621043 -0.275400
-5.298440 -4.755633
-9.504754 -2.400903
3.518728 1.026229
-8.290187 3.874760
-3.357775 1.674784
5.602224 -2.469211
6.223916 -1.168478
7.187706 -3.020236
-6.405473 -2.257024
-2.287937 -0.065627
4.836810 5.455973
-1.738659 -1.215481
5.121620 6.089947
4.262882 -3.386985
-9.455602 3.031363
5.986860 0.932512
3.965697 -1.535024
8.786100 0.518421
9.476141 3.835353
9.281904 -4.887819
-8.741541 3.207095
4.084751 -0.957223
7.986528 1.368917
-1.427125 -1.593436
-10.292949 -0.521888
-1.993738 0.315759
9.354061 3.688310
10.048207 -2.109828
4.778584 -5.266273
5.493732 -1.508478
-4.354241 4.490340
6.530939 0.261582
9.951216 5.113366
-6.585472 0.648257
-7.320182 2.398562
-6.261092 0.407513
-2.387411 3.306860
5.131727 -5.774617
4.969324 -2.671864
4.058357 4.472817
-4.428051 2.296019
-0.524178 4.696851
-6.560712 -2.640420
7.627112 -2.501653
-7.706767 3.774702
0.027602 4.285799
0.238032 1.089105
-7.175204 0.899507
-9.264951 6.024652
-8.970309 -3.927112
-1.874248 2.644096
-3.038758 1.136394
-4.825543 -2.404788
-0.104888 -1.854338
-0.528948 -5.072839
2.648127 1.924309
-2.168875 2.835284
0.769856 -0.454263
-0.404822 1.121240
10.162615 -4.220920
-2.456543 -2.628190
4.510713 5.618762
-6.214813 -2.064964
-5.069319 -1.550355
0.688769 -0.797034
11.182299 0.696512
9.652979 -3.482393
0.426126 -2.749398
4.290132 4.227233
-9.808254 1.825197
-9.759718 4.499207
6.550344 1.570380
1.595055 1.629479
-0.683508 0.634824
4.150939 0.546688
-10.678265 1.921584
1.948205 0.729541
8.238750 -0.841812
-5.779321 3.212650
-2.820058 -2.827372
9.210853 2.486102
-3.710668 -0.630562
4.535740 -5.507378
2.054955 -0.071740
7.359962 -4.085755
11.301736 1.329615
8.397709 0.482472
-5.264219 -3.993675
9.360879 2.531406
10.552368 -3.970447
6.885223 -0.075865
9.381605 -3.580821
5.526449 0.069787
2.166635 1.908145
-8.434036 2.981444
-10.713321 -4.582795
9.513337 6.563075
-6.016052 -1.936152
-5.073466 0.620863
-10.919765 2.920298
-0.119264 -3.255808
6.824623 3.600742
-4.559521 -5.448467
8.743731 1.765540
5.247069 2.357330
5.256143 -3.157911
-10.473636 6.604743
-4.752760 -4.059543
-4.736279 0.436733
-6.885411 -0.420448
8.195033 -3.387537
-0.851697 -0.563160
5.250097 3.735254
6.799077 -3.786968
1.546023 -3.060266
3.614055 0.241664
0.980397 -1.519530
10.493878 -4.247432
-8.332397 0.160253
1.813749 3.176564
-2.124330 2.004399
6.960242 0.677214
-3.882483 2.408261
-2.301696 2.242632
0.148021 -2.686963
-5.192415 5.350245
-4.476526 -5.712934
7.902131 -0.799793
6.997723 -0.722802
10.671260 4.208028
7.309448 -3.570086
-5.843205 -4.578218
-11.270160 0.099520
-8.390745 -1.683358
-9.964742 5.700572
9.358085 -5.587574
9.557486 -3.728293
-0.159038 2.182680
7.672105 -1.363110
10.244499 1.558132
5.657958 0.830566
1.656072 0.162451
1.835892 2.310039
-0.963168 0.927636
-9.555648 2.666700
-7.989603 4.235496
6.014170 -3.007676
7.475151 -4.776539
4.229825 5.166249
-2.054744 -0.100851
-10.760382 1.144845
-0.245758 -2.498750
4.078001 4.311040
-4.133321 -0.511103
6.829659 0.516367
-0.541764 3.167196
-4.512970 0.956655
-5.993458 1.261089
-5.697056 -4.169327
8.861048 0.224572
-7.651460 2.699860
5.521115 4.567354
8.078293 2.664519
8.938287 1.530486
1.470226 2.729797
0.828959 -1.744341
-1.422186 -0.616574
2.301399 2.598003
1.941663 -0.910350
-0.077077 -1.118579
-6.958228 -4.371182
-1.022672 -1.063157
6.702810 -1.266266
4.160840 -5.343381
7.777416 2.966508
6.937258 -2.248248
-4.306937 1.908496
10.443208 -0.629083
0.327229 2.236980
2.962776 -2.893691
1.433297 -0.976515
8.100971 -2.615284
-10.093527 0.889148
9.114726 3.390717
6.109965 0.807833
3.158515 -1.013394
-4.611672 -4.676620
-4.735787 -1.880462
0.842265 2.824657
0.809826 3.051307
-5.205631 0.446917
-5.034361 -1.277899
10.293917 2.687651
-0.034067 -0.564847
-7.876789 1.915851
-2.547861 3.668204
-7.720867 3.495054
0.277465 5.360400
9.899031 -4.482285
-10.889692 4.263184
2.142360 1.535848
8.833331 -2.016355
5.558386 -4.105775
-1.913332 2.320036
-7.498729 -4.562028
4.649679 -0.604136
-8.035236 0.813054
-10.681708 3.374854
0.338514 -2.175765
-1.784298 0.252691
-9.794600 2.000539
3.840069 3.744460
3.368347 2.728494
3.673946 1.864562
1.185621 2.361079
2.882395 0.230478
10.033867 -6.998952
3.833427 -3.437256
10.032376 -1.477210
-4.849913 -4.464858
-10.000566 -4.477066
1.288090 -2.419664
-0.732162 0.796365
-8.808850 -0.657134
-10.025491 6.223386
-3.160714 2.933368
7.067669 -0.517048
1.037594 -1.119551
-7.875697 -0.992977
4.357298 1.010024
9.042094 -3.579578
8.155045 3.877471
-6.422850 -0.263681
-6.743425 0.842217
9.119823 1.253648
9.882123 4.229465
-10.564747 2.100137
7.373172 2.330199
3.990452 0.798258
9.122879 -0.986926
5.462533 1.454460
5.247447 -0.325067
9.980938 4.789797
-9.200971 4.725326
8.874514 -3.328761
-9.552001 4.942262
-8.157911 3.065991
-7.967527 -2.415220
1.065008 1.016366
-4.305505 0.200316
5.669674 1.357978
4.814003 -3.627035
11.365871 -0.558260
10.819872 1.118682
2.700947 0.349366
-11.265224 -3.151631
2.849266 2.217613
-7.249470 1.973806
-6.591659 1.774546
0.547770 2.773384
4.384472 2.083730
7.184279 -2.469528
9.842540 0.947612
0.599668 -3.728770
-0.875423 -3.671261
-3.761071 0.496405
1.188722 -2.117530
11.376618 0.913918
-9.784744 3.921686
8.425331 0.647520
2.670508 -0.429799
10.444529 1.805003
0.485603 -0.517687
-7.502732 3.958799
4.856110 4.686280
4.710166 -5.741803
-6.465816 3.116602
-10.359228 3.669319
3.058990 2.433057
-4.284794 0.615088
-10.109218 -3.447741
-7.131216 0.181569
-10.984216 5.007143
-3.325536 2.665796
5.150564 3.409581
-10.228173 5.979962
-8.766713 0.627905
-7.060700 -1.450488
10.588703 -0.849802
10.583958 5.374233
9.357315 0.869920
-9.518662 -0.631591
-10.173010 -6.599797
-3.811750 0.097891
2.963692 1.364615
-8.786997 1.910627
4.216274 -0.336674
10.947218 -3.825336
5.055534 -4.773729
-7.050062 -2.077255
-4.569714 -1.882613
6.262282 -2.719508
-8.761791 -0.487748
-2.781502 2.803175
-9.710530 -5.411122
11.259454 -1.208239
-0.311370 -0.161830
-7.796497 1.743058
-6.170831 3.468755
-0.622407 -4.281789
-9.668849 -6.376722
-2.658690 3.455454
8.777641 -1.559684
-8.128943 -2.322811
10.435982 2.296775
-0.694358 -1.562116
-1.503754 -2.026484
4.903556 -3.844142
-3.959830 2.827046
-10.970501 0.781205
2.290656 0.738959
-4.134543 -4.293081
-9.709648 3.517653
-6.234166 0.990975
1.569097 2.463896
-8.615485 -1.440508
7.015134 -4.623415
-7.742848 2.321635
10.728884 -1.451787
4.724925 -1.536431
-2.834983 -3.446733
6.808118 -3.537543
10.945022 -3.101842
-6.680167 -4.234449
-0.156996 1.015720
-10.378204 4.472634
-4.176631 -0.275452
-4.744952 -5.429647
-8.979568 3.821339
-0.521406 0.690543
-9.107057 -4.315559
-5.858601 3.417746
-0.357092 -2.233088
9.835119 -5.958166
-3.492057 -2.431227
7.438126 -1.606211
-8.146707 -4.061897
-2.122343 -1.275841
7.570930 -4.128718
-9.997813 -1.756427
-1.619058 0.385533
-10.100565 -2.309106
8.290655 3.571568
-9.339813 1.589636
0.230934 1.686134
-10.755448 -1.826059
6.218074 -3.583972
-5.960856 -0.399332
-3.668528 -1.447168
7.858706 3.998740
-6.973899 0.685673
6.401743 -0.340133
-3.318402 -1.593552
7.253770 1.647296
8.058894 -3.019215
-9.529007 -6.149957
-0.558441 2.090149
-4.221805 3.581773
5.030906 -0.499059
-9.808539 6.237316
8.028451 -1.093234
-2.916116 0.074876
-0.655818 -3.426108
-3.755383 3.663890
-4.433859 -2.991734
4.888570 -2.831455
-8.240144 -4.208167
-9.074065 -5.309714
-10.660440 -4.076383
2.004273 -2.860790
0.218691 4.798091
9.665620 -4.772254
8.857268 -2.438034
11.189965 -2.617536
7.782480 3.599647
-10.436255 -5.396293
6.122519 4.553673
4.347589 -2.415254
-8.605995 3.315722
-6.061306 -0.960634
-7.985482 -2.847641
0.584524 -4.598844
-4.007744 0.017762
-11.291216 1.394948
10.313601 -6.787066
-6.480333 0.289883
-4.469798 1.852580
-2.200686 -2.003107
-4.902155 5.759388
-11.064398 -4.552547
-3.682853 2.370559
-0.314353 0.574721
-6.178288 -4.455888
-5.940119 0.096335
-0.760505 3.299097
-8.111665 -1.314769
2.870177 1.089922
4.069522 -4.512148
-9.933728 -2.241085
-7.256693 -3.045874
0.701615 -0.277036
-3.016900 1.319803
10.619715 -3.258196
-3.153539 2.443681
2.001985 -2.333284
-0.376671 2.629140
1.443549 -2.596057
-1.116405 -0.279522
-8.847796 -2.117222
-8.188560 -3.078984
-4.684260 -2.350437
-7.751255 -1.571897
-11.117361 -1.591943
3.447009 -0.374902
6.167478 -3.222526
7.549331 0.167469
4.269940 -2.622402
9.345581 -4.360343
-10.145586 -1.665560
6.712404 3.898649
-0.445692 5.405004
2.487731 2.629999
-5.460927 5.294932
-6.132809 2.773799
-4.186204 -2.845552
9.134326 -0.476150
4.088170 3.921054
-5.182017 0.775634
10.982622 2.040134
1.363968 0.843359
-10.862932 2.224613
0.002488 4.868719
-10.330807 1.006896
-2.191677 0.828299
4.468813 -5.721511
-2.123715 1.556137
-10.833207 5.108190
-4.361384 -4.453722
-4.395021 -1.322105
-10.404759 -2.593801
-7.942206 1.081801
-7.883822 -3.825313
-9.779514 -1.751082
-9.018784 0.886276
7.881129 2.751999
-1.497058 1.437310
-5.730511 0.017110
-8.678564 0.364838
-2.166113 -1.468497
-9.135556 -0.884266
-8.486292 2.657164
4.880660 -1.419866
7.169938 -4.574610
-0.797546 -3.120507
8.859970 -0.489280
3.853858 0.872169
-3.253302 0.034694
-9.559857 3.879200
7.363815 0.370510
-10.024035 3.739349
5.842630 -2.062719
-7.572611 0.206231
7.285478 3.629978
-7.971282 -0.142322
-5.075983 0.067843
-5.553562 1.310436
-9.180494 -1.773919
-9.906457 -6.511604
-4.454272 5.320498
0.298074 -1.829754
-5.635259 -0.294938
-3.521664 -0.994016
11.112865 -3.847793
-1.552620 1.740157
-3.398320 0.508693
-0.170198 -4.024054
-6.830728 -1.858244
-6.303626 -1.135228
-9.793736 2.595263
-9.020743 -0.663289
8.178741 -0.376419
10.402532 -5.186497
5.044550 -3.965470
-8.981879 -1.223661
-4.215026 -4.657955
-0.309850 -3.258975
4.659969 3.593695
6.743172 1.674556
-7.223011 -0.122558
-6.175019 -1.352720
-5.697763 1.457743
-3.325438 -0.855024
10.471626 -5.630656
-6.364796 1.545335
0.137418 -0.505685
7.317647 -0.232548
-10.848144 -3.217467
5.319212 0.652201
-7.437076 0.509221
-9.997661 -1.317931
8.510699 -1.622576
-4.948717 -5.601113
-9.192669 5.195258
5.431906 -0.703218
-7.348433 1.734910
9.962021 2.104310
0.200724 -1.261518
-9.820746 -4.018924
-8.278851 -3.809932
0.368248 -0.850339
-9.715316 -2.586073
-5.710626 -0.616940
3.176322 -0.051202
-3.974677 -3.702460
0.859432 -1.283073
-5.729122 2.116668
2.721030 1.386726
-0.956546 3.299234
-10.576447 2.639691
9.476931 3.017245
9.445996 1.572557
4.501291 4.921190
-9.309215 -4.518006
-4.703085 -5.947394
-1.690192 2.868891
-9.763927 -3.252033
-3.754088 -3.018629
-10.748993 0.722205
6.712597 -4.312389
-5.436530 2.973330
-0.969000 1.323303
1.235072 2.096320
5.307487 -2.027786
0.892888 -3.980408
5.799178 0.551588
9.219398 -0.730192
-6.344640 -3.684956
5.699220 -5.487681
10.327117 3.604413
0.156308 4.207401
-4.757606 -0.796824
10.791182 -4.513636
8.025888 -2.380203
5.797054 -1.813409
-2.251882 -3.285668
-4.818308 2.449074
-10.977189 1.616534
-1.079796 -1.855626
6.974222 2.686374
8.556897 -3.376419
8.964781 -4.036500
-9.780666 -0.264225
-6.699383 3.148748
-10.688055 3.865701
7.409210 0.610109
-7.625750 1.073576
2.435758 0.964288
3.772153 -3.097620
-7.803111 -0.205315
-5.535903 -3.356799
10.722431 -2.409734
11.110593 -0.579671
4.627108 5.039865
-10.362226 2.404398
-1.804882 -0.438344
-10.894966 4.668420
4.308947 -4.726749
9.313185 4.193809
5.357275 3.025580
7.432567 4.793352
-7.193426 4.378614
-0.495475 2.794541
4.421537 5.142261
1.273835 -1.497356
-10.527614 4.231996
3.724422 0.343258
-0.511004 3.527832
-4.951966 -5.021102
-8.189320 -3.586166
-11.351590 -0.204636
1.519057 -1.155145
6.980839 -3.616166
-5.461209 -1.506856
2.326206 -0.976078
-7.949994 4.502281
6.637375 -3.993122
-1.008669 1.164129
7.304198 2.098908
1.001903 -0.525836
11.043290 -3.361670
0.301932 2.787797
3.093532 3.104394
-3.713991 2.209289
9.817884 -3.984377
10.167062 5.524308
-0.182480 -1.409504
-5.767207 -5.212594
-1.379934 1.911131
6.057381 -3.760729
-4.738648 5.576687
-6.486990 1.153559
-7.466346 -1.279872
4.077573 -1.874864
6.456514 -1.349966
9.704059 -0.724355
0.706568 -4.459007
-2.755448 0.959964
7.560795 -3.794528
5.467569 -0.127310
-4.698123 -3.353474
1.946856 1.999029
-7.751439 4.628136
-3.960809 1.020537
-8.199669 1.448145
-5.534452 3.372002
-3.592190 -2.169828
-10.046273 -2.747131
0.360041 -3.136711
11.133280 3.166967
-8.251589 2.348144
8.403783 1.798466
-9.857387 0.472313
-9.090006 1.731707
-4.891328 3.499880
-4.869924 -0.342989
4.839687 2.939106
-3.450522 1.534994
7.697050 4.464200
6.021970 0.504629
0.445254 5.002347
-8.507391 1.495689
7.410526 3.450208
-9.095468 3.048614
-4.987272 -0.118899
4.944336 -5.583149
5.075009 -1.072712
6.015700 3.282320
-9.053233 -4.660361
-7.267901 4.549286
1.227630 0.127764
-9.850849 6.801729
2.836054 2.807799
-10.155919 6.889410
1.067426 0.437423
3.875485 2.311175
-6.671805 1.036938
-3.734096 -3.260101
10.270661 -4.088673
-9.935595 6.612076
-8.108278 2.652240
-5.415336 3.604070
-7.448199 -3.557207
8.374398 -0.982168
-8.970299 -0.284626
9.118388 0.212201
-7.800199 0.152886
-3.525486 1.229706
9.968512 -2.999063
5.499293 -3.598233
-7.560623 3.557205
-6.622885 4.043928
0.654406 1.962319
1.191390 -1.910952
10.138043 -5.984474
-8.323576 -2.987615
10.031521 3.580164
10.049365 -6.705338
-9.329322 -2.973382
-4.750103 0.796167
-10.431354 5.648757
10.084542 -5.680669
-4.569799 5.484536
-7.276394 -1.665718
6.744239 0.163811
-5.188046 -5.729578
10.176769 -0.299456
2.924238 -0.932694
-7.017709 -2.670561
10.080270 -0.141478
8.283628 -0.134782
-10.842031 1.414762
-9.450570 -3.216384
-5.531133 -3.999967
11.355230 -1.989001
-8.683227 1.360510
9.936088 3.782567
7.454710 -2.937268
-0.139078 0.664469
0.420691 -5.660925
-3.375721 -2.219053
4.462645 4.595482
-5.162345 3.582118
7.150499 4.045824
-2.956042 -2.954551
0.949666 3.616554
-9.578135 1.163702
-6.895917 -2.269659
-2.643177 -1.237285
7.455192 -1.025527
-1.331516 -0.404019
-2.592571 2.422812
-5.169951 -2.215476
9.427674 -2.532855
-9.014429 -2.437169
-4.139684 1.318173
-8.628982 0.203591
-0.692972 4.344835
-5.698074 0.165564
-5.909429 3.042151
-8.696802 1.204374
1.814726 1.335570
10.085530 0.529614
-6.218541 0.723756
7.934651 3.570485
-5.777615 -3.459702
1.645953 -0.807477
9.298157 -4.562696
-6.316886 0.581819
10.300538 -1.217105
-0.131166 1.397750
9.902398 2.942709
5.254693 4.326850
-10.223578 -4.981034
-4.462762 -2.649756
-10.251685 3.372192
-6.520534 -0.103572
-9.494025 -4.517961
7.411941 1.126924
-6.244608 -0.922623
9.986979 2.742347
4.172521 3.634171
9.135327 2.295687
-11.011456 -4.889402
2.988316 0.426438
9.199077 3.855522
-9.692846 6.103585
9.732872 -0.255565
-0.035115 -4.131340
-0.465456 -1.895541
5.075099 0.152278
-6.897179 1.288979
-2.968581 2.705326
-1.138813 0.813342
9.937365 4.581522
-7.993718 1.762933
-10.712415 -3.050717
-9.818129 -0.584824
8.931708 -1.606455
7.163692 -1.452257
-0.365013 -0.344418
-10.296724 4.610283
-8.103710 -1.519845
4.268613 4.002306
9.844605 -1.276389
2.647882 -0.127315
-11.390196 -0.827604
-4.957552 6.039607
-4.713009 -0.271224
-9.603408 -4.317798
-5.163683 2.687569
-4.977235 0.214650
-8.742109 -0.864042
0.393311 -2.492699
3.933118 -2.309254
2.485430 2.858649
5.597884 5.494573
-0.786997 1.905023
-0.038553 1.674121
-7.284705 -2.391598
-3.887305 -3.826455
3.902789 -1.769035
-0.821111 -3.856394
0.915918 0.248448
5.095588 -2.473104
5.485014 1.255101
9.371703 -5.802992
-6.200464 -2.680956
3.947086 2.738784
-7.413163 -4.145847
-6.200165 -2.245212
-6.106489 -0.520006
-2.391952 0.932170
-0.078495 2.966144
-4.491423 -4.569977
7.763535 -1.070475
6.832098 -2.645116
-9.994209 4.149932
-3.022283 -2.536625
11.212177 -0.018145
10.241018 3.006933
-10.260536 6.384132
-9.588555 -5.648426
6.252976 -1.724676
-10.524536 -3.031246
5.814692 -3.833170
6.893904 -1.616910
9.311035 -3.389941
-8.603361 1.902869
4.227643 1.659597
-9.137400 3.832984
6.812119 -1.087381
-9.129167 2.468172
3.069449 3.452763
1.630607 2.094238
5.673787 -0.771878
5.046589 5.778055
4.717721 5.662447
6.324384 3.125935
4.805027 -0.763151
5.849932 -2.738167
-7.984086 1.532217
5.322692 2.857034
6.400543 1.313640
-3.002473 -0.846504
-5.269768 -2.571909
9.123972 0.581597
-10.230142 2.756289
5.514157 -1.670247
10.032400 5.610325
-2.277929 1.596413
9.016538 3.104337
-10.114717 -2.609849
7.760363 -3.390150
0.290264 -0.542332
5.819313 -1.268728
2.402049 -3.378464
5.033178 -3.111299
-7.698281 -3.905945
3.612480 -0.714560
3.857359 -3.827390
-3.042722 -0.634990
-6.070958 0.604058
8.762739 2.075993
-3.888065 -3.171854
-6.592173 -1.188099
-4.238678 3.067047
5.293798 -5.911748
1.976673 -3.084657
-1.206686 0.983998
6.185263 3.379696
5.136949 1.455474
9.979733 3.422482
7.509004 -0.066331
4.325674 -4.969204
-7.160010 3.511232
4.558927 4.720253
-5.134680 -3.131153
9.051093 -4.164136
0.277638 5.849315
-4.625732 3.885993
-9.809367 3.769307
-4.305978 2.127552
-10.707920 0.902948
10.598355 -2.878629
0.545680 -1.476618
-3.314873 0.330543
-9.964212 -0.517651
-2.617769 -3.633977
-10.755560 4.189147
-0.341306 -5.418453
2.121894 0.940237
-7.048203 1.509449
6.371927 -3.069236
-3.656137 -1.061980
9.612283 -2.907556
4.295542 -1.369261
-10.643536 5.664432
-5.493944 2.355027
-11.033871 -1.849377
-7.765169 -4.151616
9.618027 3.708682
4.661776 3.124100
8.976087 -0.012429
-2.757224 0.313093
-1.859429 1.450889
-10.333776 -0.671558
7.698248 0.341642
3.505263 0.408525
-9.441566 4.238351
7.784221 2.633399
-1.163381 -1.394850
4.746746 -1.167230
-10.750630 -3.485172
-9.895754 -1.187019
-0.145156 -4.554235
7.113075 2.790312
-10.336717 -1.861097
2.500361 -1.825908
7.023016 -4.322153
-6.851152 -2.936514
6.602948 2.794622
7.498503 -2.643707
-7.620440 1.613143
-11.055962 -0.916853
9.909200 6.276453
4.810988 -2.673827
5.665663 -5.308961
-3.962561 1.957772
10.381360 2.531503
-9.553084 1.316957
3.798131 1.646294
-5.693445 0.424141
-6.988060 3.191009
9.781291 1.663553
-9.684018 3.019787
-4.111931 -3.828279
9.870975 -3.681355
0.028571 -5.671955
9.928063 -5.250701
-5.847582 -2.418985
-1.897154 1.966246
-5.870080 -0.583684
-8.277855 1.785392
11.005669 0.022134
2.815701 -0.534155
-2.940606 3.520792
0.910383 -1.037496
3.256454 -0.668458
-1.915084 3.317960
-6.053196 3.371733
9.435034 -4.656023
0.215968 -4.252182
-3.915262 -1.221664
-5.897254 -2.204580
-2.736124 -2.187739
5.661773 2.737251
8.460229 2.949795
-8.801702 3.603370
-4.425344 0.551985
5.460618 -2.168754
-4.445681 5.643607
-6.977539 -3.406808
10.496282 0.141005
-0.680668 0.253564
6.179127 0.651303
-5.066761 5.936428
-4.333167 -1.035273
-5.276530 -3.200643
-7.230639 1.565267
7.994072 -0.083508
6.948192 3.311176
7.792411 -4.146453
-0.274515 -3.858292
10.435979 0.444987
0.752334 0.893520
4.655617 -0.973236
-7.327922 3.008801
4.430340 -3.568083
10.389943 5.937096
6.143834 1.002152
0.607320 -2.140666
2.457289 -0.749480
5.338920 -4.003659
-9.983077 -4.668422
9.576657 2.026197
-5.733715 1.657236
-10.282272 3.872744
10.235285 2.427771
-5.587050 2.858273
8.104858 -2.205026
-3.853980 -0.807941
-5.144462 -5.449358
-4.381179 1.402274
-5.040836 3.073575
8.851486 2.639290
-7.873019 3.383546
-10.150448 1.456109
7.019132 -4.072902
-3.753174 -2.056969
10.651741 3.869848
5.684880 -3.446178
10.579114 -1.674743
2.607818 0.659402
-1.716107 2.615785
7.100944 -3.286737
-10.913722 -0.059672
-7.108768 -3.129431
-4.326271 2.747721
-2.342274 -2.245825
-0.001159 -2.048935
2.821972 -2.542161
8.662450 -2.194292
3.248902 -1.368771
3.547621 2.253626
-10.225895 -0.895550
-1.658950 0.943655
1.843149 0.155010
0.570099 1.041460
3.947144 -1.325690
-3.456831 -1.196499
3.878837 3.346382
9.503959 0.136688
-6.751641 -1.727464
6.674407 -3.011014
1.619913 0.350037
-5.320330 2.787048
-4.265329 -2.610862
-5.182306 2.492070
7.296973 3.342019
-9.592973 5.143796
-5.863826 2.274104
5.584127 3.961447
11.010062 -1.804514
-6.990648 -4.044957
1.017061 3.067227
9.148878 -2.409990
-3.127381 -2.362746
7.748450 1.652410
0.090515 0.242548
-0.087906 -4.983934
6.326797 -1.025295
0.113559 -4.499158
2.785648 2.075499
-3.249775 -0.659108
7.226316 0.883751
3.174236 1.311817
-6.779828 -3.102656
5.066746 2.746731
7.864768 -0.342862
7.240405 -3.173127
6.684571 1.394502
-8.639780 -2.337442
9.488486 -4.851830
-1.960288 -0.578326
-11.109083 -2.512754
9.530444 -1.797414
9.415266 5.029150
-9.455916 -2.652276
-10.346743 -2.266200
-0.598905 3.839634
-8.989543 3.213698
2.551872 -1.592367
10.342423 6.825034
9.457093 0.373531
-3.621661 -0.769976
3.753419 2.043416
8.004011 -1.342277
-9.469671 -1.062717
3.178730 2.257193
0.233262 5.025211
-3.575018 -0.007910
5.525717 -5.502128
-8.173628 -1.696827
-4.787543 4.263608
9.959091 0.245508
-1.310778 2.222030
-5.150694 -3.773198
-6.358775 2.291554
7.808771 -2.691226
7.142072 4.233985
-4.358761 -0.730665
10.815048 -5.189165
5.459357 -5.351915
7.359313 -3.059697
-1.679189 1.131988
-7.795175 -1.974806
3.473956 -0.626303
7.929534 0.498966
9.487930 -0.398931
-4.583611 -4.000702
2.709595 1.073142
5.395840 -0.283787
10.981043 3.833959
-8.337663 -2.680366
-0.247730 -5.099948
-11.265873 1.140979
-9.278571 0.980475
-6.947608 -0.165271
4.650928 5.453335
8.949527 4.428482
5.936672 2.943786
-11.163723 -3.514132
10.770248 4.465734
3.376482 0.287949
-10.126163 0.184585
-4.686055 4.642562
-6.290190 2.062763
-0.713411 -0.470795
9.145173 -4.691408
2.329549 2.865318
-0.341746 2.078099
3.058440 -2.054120
-10.250346 1.206750
7.228229 3.824840
-10.571042 0.989553
-5.926447 -1.610700
-3.063715 -2.824287
10.582768 -6.308299
-7.151377 2.416687
-0.032022 0.330953
0.698072 -4.254992
-5.785610 2.862507
-5.849400 1.452195
-9.644945 -3.069429
0.222635 5.587430
0.116143 5.437713
0.711753 4.347715
-10.286305 3.056933
-2.740906 -1.055650
10.660895 5.615559
3.797052 -1.645645
1.560479 -0.339328
5.430083 1.736880
-0.844343 3.512876
5.613406 -1.202382
-6.690522 3.680588
6.362749 3.594561
7.474587 0.949010
-11.354359 -1.943205
-8.345381 3.544250
10.207420 0.355990
4.121457 2.425826
-8.050900 -3.451924
5.027295 -4.236413
7.508277 -0.362667
9.881202 5.659920
1.291980 2.596204
10.154015 -3.526991
7.592292 0.631055
4.865288 6.086689
6.154068 0.069689
-4.801312 -1.125511
-8.874496 -3.782578
2.057487 -1.700218
5.279621 -4.451837
-7.367333 2.580468
8.658748 -0.761332
4.565438 -3.443179
9.661845 4.685266
-2.381046 3.487423
3.874196 -0.757092
2.077824 2.228589
-2.108817 3.516541
-9.802639 -2.432452
-9.553342 0.456634
-0.092793 -0.181973
-3.314687 -2.876567
10.495388 4.557664
-8.994246 3.480842
-10.604253 2.367479
9.292480 0.681834
-8.516059 2.275387
-10.623217 5.419221
10.565988 -3.736717
-3.939921 3.430348
5.505065 -2.598993
9.288168 4.740479
3.986343 3.613685
10.861208 3.176812
5.068864 -0.033852
-6.488175 1.390544
-0.135328 -5.325205
-1.024635 1.780405
-9.814337 -6.664808
10.624691 3.656503
10.477875 -0.461858
-4.695222 -1.518915
0.501583 2.995228
7.437732 -1.454406
11.210338 -0.284871
4.866461 -4.634273
-9.448199 -1.353946
4.910636 4.162382
-1.851731 -0.234264
7.603256 -4.424057
-1.327147 -1.930719
10.308613 5.038823
5.161293 -0.944963
6.780455 -1.824683
-2.128376 -1.076016
-4.830904 1.908913
-9.420470 -0.221985
5.892678 3.481948
10.191450 5.880370
3.711440 -2.518431
3.014233 -0.629707
-1.886537 1.158851
1.730172 1.868381
-5.651775 3.578350
-6.853747 2.038484
6.042892 2.702790
5.122912 -2.921596
4.096928 3.173067
-10.345484 -6.649036
-2.394017 -1.665322
-5.315961 5.767570
-0.131296 3.163752
-9.254966 -5.858358
-7.872839 2.531280
-4.454497 4.634860
8.358423 3.282913
-2.303364 1.303304
4.080205 1.951259
8.026925 -1.850800
9.371301 -5.260919
-4.041653 -4.795134
9.668359 -4.018071
-5.028308 -5.343935
0.655544 1.703854
2.436997 -1.282630
7.701183 2.834574
3.797569 4.159762
-2.836930 1.872000
-4.136458 -1.598842
9.840025 3.081452
6.690815 3.113255
-2.609490 2.134662
-7.748514 -3.092474
-1.099884 0.600451
6.625131 0.043754
-0.677747 2.830034
7.031944 2.109640
5.134344 1.280167
9.438643 -1.276394
9.976903 0.018523
4.147679 -2.073375
-10.000597 -6.041312
2.975561 -2.592092
-1.936500 -2.220789
4.277538 0.450732
9.790487 -5.463697
-11.035341 0.554950
5.188594 -0.641257
-9.965657 6.952923
-9.541722 6.338894
5.375279 -1.339398
-9.052301 -1.691048
-8.849379 -2.625070
9.638493 3.359736
9.988830 5.958673
10.531761 1.476321
-2.650999 -0.446422
-7.742509 -0.488472
6.858533 1.016212
6.494600 -2.197588
10.216375 3.218100
-1.740074 0.789382
-9.960992 -4.108837
-2.143775 2.597689
1.233059 0.297039
10.679865 0.353733
-10.577045 0.823109
7.846857 2.171536
-5.201946 -0.938796
9.537884 -2.228837
-1.739631 -2.492424
5.519898 1.863202
-0.113095 0.817980
2.333878 0.272877
8.387486 -0.272137
-1.366615 -0.198884
3.485749 -0.078989
9.639223 -0.485728
4.581763 0.106543
7.299820 -4.428895
4.086997 2.601525
10.171013 -6.515278
-5.267725 0.000448
9.157418 -4.483542
-4.083400 1.504236
-2.066461 -2.796167
10.648518 6.190795
10.785514 -0.370657
-10.368632 -1.486433
5.933545 -0.085128
-4.137752 -4.466629
0.349236 -3.609447
4.446659 -2.177241
10.858718 3.480801
-9.124736 4.489214
3.339431 2.312248
-8.782331 0.913240
6.384191 -1.190990
7.306468 -0.607981
8.386555 -3.365622
-4.298344 -1.753674
10.184380 -0.026637
-6.859141 3.372878
10.499907 2.821690
7.510689 4.391405
7.711783 2.456340
-7.494009 4.522180
10.976064 -0.408515
4.739075 5.193762
-2.228858 0.273110
-6.412158 3.541914
5.432089 -3.114769
-8.190554 -2.802894
-10.866682 4.465771
-3.870409 4.408087
3.741094 2.968491
-4.506401 4.413657
-4.034375 -1.778223
-3.829278 -2.198148
-6.127307 2.341302
-11.169886 1.585094
3.449763 -1.032376
-2.367679 -0.365282
-0.864824 2.903550
-11.052163 -3.214288
-10.421284 1.359810
-6.971448 -1.299958
10.348660 -6.515666
7.299763 -1.385923
-9.433447 -3.443894
10.789303 -3.427935
9.842206 6.005994
10.922037 1.590396
-1.184552 1.579095
-10.656598 5.859524
4.399422 1.646062
-5.138470 3.236361
9.641376 5.666313
10.874656 -1.045822
10.343672 -2.936516
-7.495719 4.764165
-5.841259 -0.928482
4.821515 0.124737
9.442944 1.194052
-5.223259 4.960307
10.908452 5.002163
-2.103873 -0.734905
-9.139492 0.288427
-3.322491 3.170939
2.036264 0.152477
-10.316814 5.519094
-2.680626 1.334796
4.696050 -4.836545
10.996546 0.198638
11.072343 -1.098390
10.767220 -0.520164
-1.479342 -1.272100
-0.581307 -1.707644
-5.169986 3.406759
-3.664342 3.076244
7.627426 4.845025
-10.215431 -0.379708
-3.506905 -1.799795
-5.614471 5.091079
-8.735535 -1.674622
-4.547033 -4.957339
-2.230336 1.440208
10.455451 6.604875
2.681621 -2.371291
-4.153183 4.760191
5.697855 3.085063
7.336270 -4.668719
9.583193 2.197544
-10.410308 2.578660
-5.650811 -2.503831
-5.481191 -3.647273
-4.394327 -4.940863
1.262655 1.336500
4.827623 2.332144
9.840820 -2.820916
-9.303069 0.732836
-1.668967 2.065176
-4.544304 3.411560
9.919533 -0.703894
-9.261120 -5.131881
2.634525 0.022193
-10.422361 -0.430981
-11.040458 4.071634
-2.493872 -2.431652
4.443864 -1.789203
-9.538682 5.543551
0.107772 1.512113
7.898206 1.862493
-6.676416 1.969398
-2.644113 1.749236
10.486522 0.744913
-7.665912 -3.739515
5.139591 -2.308580
6.073427 2.478006
-6.979611 -0.796540
1.049763 -2.873162
-1.198459 -1.627950
-7.308698 4.850948
6.641778 1.002220
0.905109 -1.964844
10.177688 -5.230566
8.448810 -2.862542
5.557436 -3.810149
9.756380 2.170874
-10.117659 5.192399
9.487925 4.238615
7.166317 4.790855
9.311514 -1.730516
6.137261 3.886722
3.480770 0.117786
4.333595 -0.904121
-8.305040 4.224084
-4.658350 5.010979
0.169709 -5.532477
-2.588577 0.955155
-1.768100 -0.804037
-0.423032 1.272593
-6.157240 -3.440084
-9.718319 -0.987242
3.918051 -2.815894
8.541142 0.289969
-5.575464 -3.793447
-5.038555 5.295669
-10.603238 -2.844611
-0.506773 0.122812
-3.594707 0.901680
-6.495980 2.730886
-5.503388 -5.540811
-1.332215 0.221185
7.790331 3.162795
-7.609728 -2.339536
3.190384 1.881953
-1.708651 0.560593
5.030883 -2.134396
3.420495 -1.878171
4.859819 4.860740
-0.663266 -0.979691
2.607569 -3.606288
11.260160 2.830029
0.255828 -5.803082
3.241588 -2.313426
6.185989 -1.367041
-8.619180 -2.979519
8.366878 -1.889598
-0.020630 -1.681995
-9.280130 -4.823018
10.691554 -2.582474
-0.178721 -5.519324
-6.149227 3.719027
4.007049 4.705894
3.722957 -2.692673
6.893425 -4.415067
-9.367962 -5.479395
2.483960 -2.454838
-2.688778 1.532444
0.215271 3.508907
-2.230475 -0.891523
-5.900894 0.972504
-7.269351 3.935066
-10.947533 0.428645
-3.966362 3.998471
10.465450 -4.396047
5.122123 5.539419
-9.488455 -3.794940
-0.779175 -2.248235
-3.293801 -1.954024
5.854352 -3.112649
5.298843 0.167875
-5.137636 2.846680
10.222116 6.508077
-11.271249 -2.355071
2.165349 -0.856020
7.945063 2.964176
1.537303 2.882151
3.230628 0.732635
-9.777628 -4.648868
-7.565338 -2.731023
-8.346568 -0.156413
-0.623262 -3.846750
0.930301 1.251576
5.109709 1.704174
-10.666767 1.302370
4.535916 3.469417
9.844919 -4.748534
0.748575 -0.995285
2.719516 -1.562199
-8.368378 1.567261
-10.338046 0.118715
4.236570 2.245548
-4.369283 4.899034
-5.513099 -5.783833
10.837886 -0.797502
-11.121512 0.135142
7.399065 -3.338294
-6.575978 -0.801502
5.070777 4.740593
6.546882 -1.778814
0.568153 -1.886624
-10.483482 -6.474386
-1.540269 -0.125161
-0.748510 -1.905600
-2.250250 2.441328
10.210775 0.882506
6.478812 2.889430
0.299673 4.461103
-3.877999 -2.653600
-10.162764 3.977491
-0.345800 5.228198
-6.125686 -0.706238
6.631714 -0.976067
-6.597431 0.075859
-4.754182 0.228150
2.269778 1.664834
5.787211 -5.064868
-6.727715 0.459458
-3.805462 1.263365
3.521744 2.008905
9.796521 4.005953
-9.251332 -0.758379
5.315364 2.618176
-5.701827 -5.538124
-10.392354 5.228332
4.423276 -1.085552
10.246677 -1.071951
-10.586179 6.200854
6.561101 -3.633276
-11.047838 2.126756
6.582679 4.149838
8.035927 1.648282
9.527514 3.503879
2.505629 3.390769
6.802243 4.071771
0.821512 2.136313
-2.747261 2.982587
-9.396287 -2.129228
6.403961 0.409887
5.794481 -5.217877
11.239368 2.069857
-8.835897 2.785517
-3.728099 -3.808205
-8.645538 3.630533
1.690590 2.359301
6.488164 3.131563
-4.412626 -4.714863
6.939042 1.183928
5.374207 3.965115
1.269497 -0.718496
9.418335 1.873119
-7.597252 -1.842305
-4.424863 -3.785800
-7.423770 0.856284
10.454881 -1.351614
9.412311 -2.042504
10.823168 2.543734
3.594600 -2.254442
-9.825562 5.342354
-3.797224 -4.329513
-4.736582 -3.777150
8.515038 3.657406
-9.243436 -2.843335
-4.560939 -0.546773
-5.175202 1.915887
11.226850 2.526422
0.538671 2.149602
-8.016954 -3.641106
2.329286 -1.934350
5.264971 3.580351
11.301512 -2.327229
3.633915 -3.258126
-10.440524 0.376072
-2.644397 -1.434487
8.518286 -1.265175
-7.657832 1.391338
-5.206279 6.040884
-3.862499 2.663383
7.678253 0.764903
-0.387493 -2.691792
-10.545043 -1.586747
9.207820 -1.542488
6.969432 -2.576019
5.299946 -5.653512
-3.052486 -1.094235
-6.743034 0.618355
3.468784 2.437788
2.021168 -3.481774
-2.708684 -1.873984
9.933456 -2.630838
-6.921577 3.747753
-4.132457 4.559446
-0.253869 2.536091
-1.438792 -1.101048
4.745710 1.668761
-8.271553 2.776960
3.507578 -0.838811
10.683474 5.778232
-0.587590 4.156328
-3.015285 -3.238846
4.531706 -5.883250
-5.281037 1.033815
-8.070623 -1.013325
-5.622567 5.256133
5.053924 -4.568106
-1.622021 -1.006360
7.654282 -1.702182
-0.719745 3.932463
5.761168 -4.789806
-10.813628 0.334277
-6.561854 -0.635060
8.022160 4.661186
8.298063 3.073118
7.458122 2.554044
10.395963 4.008270
-5.358954 2.638436
-4.042944 -1.025663
-7.467137 -4.750796
11.207980 1.809460
-11.364643 -1.281683
1.398875 -0.324692
3.670375 3.690092
6.059413 0.187045
8.272657 0.808163
-4.864812 3.342489
5.959349 -1.762386
10.646783 -4.298162
-10.349979 -4.427926
9.711856 6.272875
-7.484756 1.222559
-2.198434 3.258047
5.172807 0.713310
3.898050 3.885108
9.729028 -6.851926
9.710805 5.387795
-9.876596 5.136367
-5.375704 5.439606
7.185212 1.399971
-2.631732 3.240729
10.349783 -6.198265
6.680838 2.621051
5.894563 -2.911432
-0.456274 3.014050
-7.220855 1.102320
10.008838 -4.693843
7.123529 0.419077
-8.359375 -0.963619
-0.140348 -3.674871
-7.356956 0.374484
1.358962 2.273519
7.528321 -3.207733
-11.137371 -2.031206
-8.150632 1.292333
8.912453 -4.405298
4.638203 0.785929
-6.284925 4.006861
1.026780 -0.307703
8.966105 2.832554
5.606286 -5.675421
-4.840599 -1.692199
0.590701 0.400658
2.088240 2.552621
4.898615 2.472703
-0.555401 -3.006825
-4.188589 -1.212155
10.900517 2.248737
-10.460596 1.624952
-10.261508 6.761091
-5.886127 0.669360
-5.340681 -1.619896
-3.530545 -2.618320
-8.758550 -0.270691
8.153399 2.257765
-2.490629 1.411550
-9.866466 3.119272
2.475370 2.122467
4.352796 -4.576326
4.688294 -3.187759
-0.707153 4.551087
-10.823468 -2.135370
10.411633 -2.161724
-9.037618 -2.051519
-7.943532 0.301920
6.531337 -0.425196
-9.201334 -0.564800
-0.209764 3.830338
3.098479 -1.690877
-6.971565 2.833173
-7.362870 -3.881891
-8.554032 0.957314
2.705453 1.647287
3.805027 0.028934
-10.138017 -4.835219
-2.906042 3.299375
2.261273 -2.183392
-6.431031 0.767897
6.074382 -4.396870
-7.203063 -3.591315
7.632654 3.906733
-7.459076 -2.905167
-4.923396 1.017206
-0.101334 -2.746189
-7.508900 1.727506
0.945630 -3.545088
-0.336784 -3.512385
0.587424 -1.129552
-7.251641 -2.207918
-2.052067 1.401709
7.166306 4.384566
-3.785862 -1.727468
-3.269817 1.485602
-5.543525 -5.047860
3.150689 0.221549
-5.959850 -3.458184
3.018947 -3.428049
4.105899 -2.899404
4.833586 -0.247898
-9.240003 1.195352
6.081918 -3.956419
-6.819872 1.885797
-0.320304 5.601755
4.185837 -4.016170
6.444674 1.012327
10.537026 0.902754
5.596121 -4.264902
-0.070158 3.341493
11.018505 -2.027827
9.951653 1.255067
-9.247528 -0.296953
4.035725 0.121566
-1.393315 1.026562
-1.288624 0.466281
4.034483 3.323424
-10.731766 -0.365723
0.223564 -5.973365
-4.404782 3.478947
0.105357 -3.392662
-0.630508 -2.153624
-3.816014 -1.045241
-7.345157 -1.520423
-2.342751 -2.519092
-6.096592 -3.619382
9.129396 -3.272762
-7.824540 -4.710141
6.872548 -0.893898
10.770183 5.126808
8.386784 2.447791
-10.699324 3.174681
-4.501144 1.269781
2.416699 -0.315798
-5.991381 4.264617
9.727612 2.713329
-4.680249 -4.446868
-9.659040 -3.473141
-4.037492 -2.616115
-3.883894 3.004253
-10.856498 5.556256
4.260787 4.582214
3.382246 0.887368
7.888434 -1.927498
4.533124 -5.214858
-0.481941 -3.180324
10.097111 6.348732
-7.120529 -4.251526
2.189591 0.543751
5.791854 -0.492911
2.160609 1.201890
-2.946043 -2.688134
10.120279 4.647892
-4.156049 4.097699
0.327953 -0.209507
-9.952640 -2.930077
5.138445 4.939287
-9.448565 -2.855368
-5.680479 3.921133
7.619682 -2.858077
-3.718734 -0.220456
-0.030648 -4.367401
-9.453061 -5.726860
-10.894084 3.215862
-6.393682 -1.855985
-9.690293 2.193241
-5.410045 1.870098
-0.323994 0.907167
4.459847 -5.369606
3.022816 2.908627
0.104991 3.274563
-5.400531 -1.981116
-6.730098 -3.250786
10.449146 -2.816269
-10.855912 -1.665454
4.787193 4.293868
-0.004074 -0.863287
10.361385 1.175028
-0.029551 0.073473
9.660294 0.883636
-4.656242 1.592102
-10.688729 5.196385
-5.972128 1.791022
-6.976030 4.574347
-4.915089 1.771338
6.790901 2.008063
7.560300 -0.831061
-1.184513 2.359992
5.016097 1.945987
-5.086433 5.730669
8.357221 -1.691517
8.290947 -2.241395
5.755960 -1.083166
-1.429189 1.641540
-7.490296 -3.787048
0.630890 2.368578
-1.462002 -2.681401
9.718474 6.608424
8.706141 -0.162581
0.524726 -1.667677
2.193854 -0.524226
6.448668 2.709214
6.093340 1.589986
7.785921 4.654353
-11.175920 0.475628
4.871107 3.843340
-9.585797 3.683367
7.342546 1.499981
10.210569 -3.942751
9.931801 -6.258082
3.709010 -3.750414
-10.577815 -4.797292
10.633344 -2.172131
6.850739 -2.887087
-5.512512 -0.591998
5.752682 3.383968
0.783278 1.596476
-6.429693 -0.849261
0.508490 -5.380294
-2.899221 -1.638786
0.177151 -0.208394
-10.735057 3.662268
6.265494 2.320613
-0.487131 5.584153
-10.334965 -3.309665
7.413098 3.031912
-3.722135 0.281561
-8.109832 2.096927
10.535290 -3.437203
5.345266 5.906520
-0.827535 3.115529
-3.973208 1.190769
1.823148 0.624786
-7.239453 3.686000
-0.393357 -1.027855
-7.012470 0.492542
7.309557 -0.840029
2.600236 -2.084019
-0.226659 1.176895
-7.521995 2.544580
11.081037 1.620668
-11.192829 -2.745091
6.968327 -3.122070
10.918274 -4.778159
-10.490248 -0.716948
3.909667 2.164914
4.025544 1.105950
10.043330 -5.866766
-5.450460 -1.193735
-7.459826 3.422912
-1.219477 -2.359982
-5.654146 -1.227959
-5.485253 5.572553
9.899747 -4.292723
6.203905 1.297571
-1.759006 -2.297209
5.064580 2.427012
0.380566 -3.809000
-6.142443 -3.998415
5.952482 -2.178467
-9.082431 -2.859481
5.436976 0.981769
-0.287447 4.600902
-10.879291 -4.452518
-3.354692 -2.571441
5.750016 -3.301023
-0.171831 -1.600335
-7.918959 -2.224285
-8.867355 -0.962995
-4.950719 -2.692236
-8.812588 -2.444284
5.240646 -3.599101
5.219077 1.838049
6.024522 -1.243887
0.656160 0.716063
-8.817698 -3.026480
10.783628 1.281448
-7.306144 -1.850577
-9.197908 -3.255915
5.148169 -5.569312
-3.017284 -1.476197
3.767774 -1.464498
-4.291616 -0.419009
-0.417869 -5.715023
9.320644 -1.181576
9.464436 -3.973019
-2.294123 -1.191392
10.767392 -1.715499
8.022502 -2.040906
6.410699 -1.883939
-8.434037 -3.266456
-3.524969 3.162346
-8.502765 -0.846314
-2.325629 2.988616
4.713401 -2.375825
6.818052 2.736094
0.843997 2.633168
-0.261045 2.881407
-4.524493 -2.452177
10.110182 6.174638
2.308469 -0.116487
3.862090 4.438022
11.202586 3.579244
-4.042859 -2.408704
0.869489 -3.684105
8.710281 2.920409
-5.113906 -3.952680
-6.133406 1.711415
6.075753 2.116987
9.829536 0.731582
-10.038409 4.643236
-0.353995 3.430189
7.021073 -1.827648
-3.951067 -4.334169
10.375467 0.864411
-8.290047 -0.690257
-10.771265 -0.125913
-4.032526 -1.423604
8.677135 2.585604
5.276734 -0.040968
-7.287061 -4.860399
3.972699 0.459013
-0.271939 4.115958
8.125914 0.374007
-10.545599 -3.687310
-3.466502 2.741432
0.292660 3.881541
10.503120 -1.808465
6.305858 3.923056
9.265070 5.954033
6.627964 0.576362
9.515024 4.887522
1.531167 -2.739114
-3.694753 -2.560460
-4.726066 -4.963964
10.804715 -3.607303
0.461162 5.452911
-8.354859 -1.475989
8.941544 -2.146418
5.039053 2.180949
7.617370 1.836338
4.243117 1.386951
-10.061904 1.239882
0.490901 1.909842
0.863791 -0.333955
5.835448 4.908206
-2.017335 -1.659512
6.628162 1.886735
8.656537 3.584516
3.958333 -2.106207
10.563343 2.550719
0.059706 -1.809391
4.405295 4.455420
5.280683 5.295759
8.220685 4.103852
-7.184953 4.091916
2.858799 -1.384860
5.681461 1.714275
-6.472558 -2.999052
-5.024882 3.929708
2.275723 0.050112
-3.829189 1.758871
-8.647453 -3.660724
-5.359568 2.088034
-1.325753 2.576060
-4.874562 5.313928
-3.735801 2.059333
2.357044 1.235903
-7.553456 -4.887355
-3.361758 2.237018
1.158701 0.633625
10.181244 5.122480
-1.199427 -0.580493
-9.300635 1.871859
5.303020 -2.550791
11.114678 1.422526
-2.354558 2.771344
3.279789 -1.745203
-5.917686 -5.192040
-10.359804 -2.944365
-10.127521 2.642254
10.964540 -2.240821
10.864393 -2.090584
10.444510 -4.871998
-3.216515 1.875090
7.817622 -3.911931
-2.429138 1.649851
-8.762913 2.142961
-4.976938 -3.203287
1.408630 1.967123
-2.431076 0.467164
0.834814 0.077787
4.661544 -2.523499
-6.787879 1.445097
-4.792325 -2.664353
2.168329 0.234550
-5.024707 -4.088804
-10.152349 -1.451449
-3.591154 -0.327534
-3.293898 -1.398918
1.015412 1.418174
7.724639 3.761056
-8.966942 3.639588
-4.447436 1.606159
-4.989096 -4.269995
7.886009 3.725088
-9.554932 -0.380512
10.609408 4.021374
-4.971747 -1.434461
9.365484 -6.052530
-5.030722 2.075081
-6.442214 1.674634
5.760724 3.776523
10.334408 -0.279736
10.683919 -6.184926
1.219483 -0.109760
6.718508 3.458701
2.663003 2.910352
9.783424 -6.530183
5.770569 4.127016
9.213599 0.058968
-9.972207 -5.859946
7.223483 3.482424
-6.306227 0.260506
-1.042215 2.788494
-6.117076 0.081257
-1.153310 0.084945
5.649973 -0.192836
-4.178320 5.369751
3.348103 1.273981
3.185215 -0.385464
3.510371 1.311222
1.385598 2.426417
-1.422765 -2.240403
1.982597 3.301549
-8.934528 -4.500605
-10.815160 -0.545865
-3.835658 3.871494
-3.202843 -2.539011
-4.486435 1.112820
-9.274946 -5.676095
-1.985468 2.771354
-9.545062 1.939841
-0.281218 4.885722
1.832507 -3.292299
3.887255 -2.984341
-9.665821 -5.057980
-8.056272 -0.768287
9.092437 1.810253
-10.818460 -5.375896
9.216796 5.801596
-6.839545 -4.145518
-10.864029 5.289404
4.769275 -3.934425
10.688727 -5.590297
-5.823508 -4.272580
6.535528 -2.040483
4.858895 1.562961
11.307664 -2.153910
-3.540194 0.322160
2.303429 1.461742
-1.979055 -1.484462
10.883580 -1.480042
-5.802018 -2.561954
-4.534354 -2.302188
-7.719081 2.056158
-5.622495 2.522741
4.480749 -4.668266
6.137186 -0.252339
-10.657469 -2.665380
0.632302 -4.748027
4.798651 -3.402670
5.391515 3.276036
-3.001877 2.244871
-6.967927 1.003192
9.898336 -1.938563
-4.909769 -1.878930
9.809516 0.108026
3.185449 -3.287645
10.058573 -5.343201
-5.716732 -0.771539
3.519925 -2.868599
9.274557 1.743104
9.362182 -3.002106
-11.083187 3.865685
-10.148820 -5.785581
-2.572157 -2.273406
1.540343 0.784260
-10.416933 -2.434892
-7.804828 1.486970
-6.496838 -3.654121
4.073382 -3.435401
-4.656343 1.143559
8.659969 -1.764130
11.263722 -3.168167
-7.475061 -0.722051
7.925174 3.336446
5.515502 3.372831
10.531207 -1.211497
-10.027705 3.165843
-6.554558 -3.839452
-10.525087 -6.231224
-4.966878 4.389932
-7.310226 0.681715
4.832407 -0.970865
7.806235 4.321481
-0.058689 -0.715261
-5.188085 -4.618638
-10.152371 0.603967
-5.665273 -1.056287
-10.000006 -0.095914
-0.631734 1.865740
3.177788 0.479058
-0.905285 -1.735995
-5.888984 0.437904
-4.469265 -3.204958
3.624182 -0.448178
11.036660 4.706432
4.512074 1.807335
2.862243 -2.029859
-4.245799 -2.132518
-6.992871 3.580872
-10.968906 -1.133108
-8.612792 -0.586050
-10.840222 1.936842
10.438035 -3.302479
-4.322269 -3.163663
-3.210953 0.873281
4.229905 3.373578
9.888077 -4.977557
-9.790516 4.306046
-8.326671 -0.470365
-5.428808 -4.410522
4.739240 -1.790294
7.870502 -3.106209
1.845757 -1.599659
-4.868535 2.756612
-8.240781 3.262677
5.032572 3.544926
9.579579 -6.646182
5.572262 -2.024965
-3.880563 0.717408
8.308084 3.735085
-7.318182 -0.814553
-8.738795 -1.969952
4.214387 -3.561545
8.236020 2.735454
9.461376 -0.071250
-10.824621 2.550860
-1.951223 2.136126
-2.885170 -0.236203
6.356873 2.575791
4.877449 -2.354615
-10.606556 -5.316474
-6.353811 -2.533986
-5.420311 -4.913972
-8.630097 -1.821102
2.478966 0.140776
-10.067305 -5.317978
0.436071 0.658548
3.461265 -1.247347
6.686237 -2.402144
-9.509351 -6.422627
5.932490 2.426559
-4.469131 0.329350
7.049438 3.839888
10.590713 2.007713
-1.258364 -0.964693
-3.238458 -1.040343
8.017355 -3.672833
3.690552 3.201234
-0.781812 1.000746
3.556477 3.271864
1.905806 2.730802
8.490067 -3.515795
0.468413 1.185775
-11.182316 -1.239120
-5.641502 -1.602305
-1.454982 2.918791
2.316623 -3.548804
10.288581 -3.332192
-2.074057 3.052109
2.527570 0.432786
-0.915339 0.588011
-5.775906 3.784925
-3.803657 4.068470
-0.263514 -0.670035
-8.430921 3.372710
-8.233053 0.811466
5.399542 4.441544
-10.401849 2.000682
-4.754971 4.835506
-9.990722 -0.747456
10.654842 1.566556
-5.028038 -2.297949
10.641743 4.721029
-8.726700 1.688722
3.640179 2.639013
-11.373964 -0.391166
1.284287 -0.512254
-9.443012 4.688593
1.106596 2.183525
-3.607315 0.466980
2.177496 2.934504
-0.737088 -3.269763
-8.346745 -1.223885
-3.122295 -1.716025
-6.061750 -4.697604
-0.061135 3.903596
-0.115995 5.830247
-1.020785 -3.299579
9.518133 -5.213394
-1.302505 -1.297446
5.714832 -3.028657
7.546705 2.402565
9.651041 -5.139822
-1.254534 -1.779285
9.758594 -6.103498
0.521656 3.217309
10.045351 3.079244
-10.586394 -1.817703
0.819597 -2.448962
0.885171 0.452074
3.827641 -0.585321
10.050502 1.885574
-4.965719 -0.630525
1.837418 -2.821324
-8.730740 2.402800
-10.460577 5.383682
-0.966124 3.033428
-2.602201 -2.102443
-0.870374 0.054633
5.662699 0.471095
-0.411903 -5.215415
1.663469 -1.409053
10.992456 -4.911736
-5.146317 -2.025645
-4.070694 2.119390
-6.284058 1.344607
0.624702 1.464166
1.008592 2.750996
2.661174 0.199658
-9.313373 -2.399004
6.573369 -3.123899
-8.638621 -0.041711
-3.629014 -1.254971
4.735382 -0.429132
-8.303641 -2.444096
-8.517756 -2.858735
-9.233656 -1.259351
-10.826220 -3.718885
-9.672264 -4.507789
-6.429892 3.815784
5.340948 4.118645
-0.663435 -4.888776
5.398387 -1.117150
9.939509 2.584894
-8.917792 -1.407702
8.273284 3.418503
10.531925 -5.345807
10.173681 -2.592594
3.951127 1.645208
5.650450 0.290997
-4.475038 -1.697192
-5.910848 -1.358518
-1.269923 0.736951
1.950954 3.041756
10.274493 -4.806934
6.201580 4.107212
0.185604 -4.676903
0.001968 -3.818170
5.662521 -4.661728
-9.662487 -5.252809
4.869182 1.156375
1.520132 -1.889914
10.641672 3.199070
10.846058 5.497804
5.783582 2.956562
-10.478819 5.879423
4.922267 -0.607220
-2.944242 0.269201
0.461061 5.616899
6.231035 1.958904
0.015535 4.065519
-5.723444 4.562403
8.893534 -3.807038
-10.581009 -0.591460
-2.131585 -2.294237
8.798145 -1.151450
1.132014 1.245208
-11.275687 -1.076696
4.871152 -2.019400
10.858087 0.695933
0.951963 -3.133795
-10.379443 0.514697
6.258572 -0.730965
-10.160642 -5.940180
7.573619 -1.166339
8.235205 -3.191065
-4.060651 4.897136
4.231678 -0.169116
2.727731 -1.109692
-10.547130 -1.114785
-10.966074 -3.571023
-0.188844 1.764335
8.077010 0.543415
1.055670 -2.316763
-10.036409 -5.128089
-7.130115 -0.304861
2.508034 1.702819
-0.470112 -3.847745
-3.309039 2.866379
2.130309 0.724300
2.128251 -1.322760
7.715202 -3.698720
-3.070600 0.752476
11.405639 0.539455
0.809250 1.136287
4.623487 -4.081686
-7.796626 0.784768
5.311695 -4.715138
8.173985 1.169055
-0.586030 0.495645
-0.662516 -2.797036
-9.820312 -3.073680
9.567028 5.066137
8.998340 -2.299187
-9.470072 0.672066
-5.231526 -3.391996
-9.318274 -1.012819
10.619897 4.455488
10.574614 5.016630
0.192842 -5.318637
-4.841699 -4.661452
-5.662001 -4.403089
-7.132894 -0.810022
8.147666 -4.422620
9.727236 2.560929
5.148277 5.191599
-0.001014 6.072974
2.799646 -1.773406
1.921508 -0.486569
-5.204630 -0.339111
-10.478269 -5.592565
10.295055 -3.110200
-5.093925 -2.810508
9.882122 6.733452
2.367719 3.201801
-8.570780 2.841948
0.466092 0.881902
-7.137482 4.740837
-3.390877 -0.590429
9.750730 3.825131
10.996100 2.776134
-9.843431 -5.661117
7.205979 1.826605
-9.984430 6.044425
7.681130 4.124533
-4.980641 3.217156
-2.304691 0.634822
4.331228 -2.761898
8.714623 -3.248075
-10.040182 4.803540
3.248250 -3.076685
8.053291 2.039550
1.843442 -0.223116
-9.756854 4.153605
0.667154 3.319593
-5.569030 0.864369
6.187088 -1.987931
-10.189846 2.347561
-10.463522 4.790669
-10.545288 1.775482
9.992546 4.010470
9.880697 -0.145066
-4.036862 -2.982847
0.487894 -2.246736
-11.300379 -2.590191
0.228880 -5.074011
4.921116 5.587020
5.889966 -3.544889
-0.573161 1.360836
-7.858836 -0.365013
-4.599344 4.285510
-1.764278 -3.309649
-8.822438 3.790093
8.946110 -0.968920
-4.247529 -3.638746
5.274230 -2.946930
-5.608927 -4.792687
-10.521358 -3.469354
5.928701 4.415621
10.762474 -3.818699
-10.925900 -3.375095
9.558309 -5.445327
7.965660 -3.302117
5.805073 1.261236
9.101993 -1.302555
8.491302 3.369208
7.728385 -0.687883
7.344848 -2.606215
4.805661 -5.899156
0.009083 -5.268073
5.120168 0.334907
-7.069337 2.650050
9.680484 -4.544022
-3.029859 -0.123378
-0.552777 -5.449479
-1.773937 0.411625
-9.268741 -6.031785
5.290669 4.564959
-3.959327 4.773330
-1.658425 2.231066
-1.634098 -2.601774
-1.442189 0.481885
8.527074 -2.001134
6.458329 3.476743
-3.516141 -1.410268
-6.309792 3.714632
-4.997446 5.098514
-6.094577 -4.162872
1.216539 -1.012980
-1.036177 -2.390789
-0.431392 0.338561
6.260631 2.804962
-5.895138 2.023609
-8.613588 3.048643
11.129859 -0.793406
-9.534982 5.295393
-1.510819 1.131707
10.292194 4.126845
-4.332939 3.757832
-1.124867 -2.230192
4.602648 -1.704116
-8.574077 2.443934
-9.601264 -6.694438
9.452283 0.597981
-7.036222 1.917304
-9.427454 -4.365613
11.345551 0.286670
9.231988 -3.087950
2.347920 -1.603486
-10.895464 3.586097
-5.847787 5.330083
-4.085948 -3.155311
-0.279858 0.163264
-7.828693 4.078689
3.651726 -3.431618
-9.541943 1.007928
-1.943099 -2.557372
5.204897 2.066537
-9.115030 2.857709
11.298038 2.310731
-6.272969 -1.666752
-4.650467 2.468491
6.586726 -0.739385
8.274830 -0.688914
-7.697640 -0.035692
-5.549402 3.841593
9.256565 -3.739423
1.003175 -0.028159
6.560959 -3.458508
-9.030694 0.717682
9.772626 5.524915
-5.647165 -0.116820
-6.545657 2.268619
2.507359 -3.161747
-9.431077 5.066232
4.423697 1.439619
8.789849 2.391767
5.758997 2.601488
7.364776 1.920150
8.888797 3.497578
8.309578 1.281626
0.940167 1.576645
-4.895525 1.485263
-5.396638 -2.678749
-7.013982 -0.533246
2.022685 1.775298
8.022547 -3.886631
-9.994315 -3.862450
2.795930 2.637348
3.540178 0.677570
-6.354810 2.558660
8.577179 -0.590949
-7.913324 3.841025
-10.148329 -3.831451
4.329573 1.202530
-8.575532 0.643197
-10.881330 -4.651831
-6.959064 -3.109348
-4.686978 2.202564
9.631188 3.028679
-8.104108 -1.982488
4.786265 -3.027249
-10.840970 -4.976430
-5.738554 1.010651
-4.165274 -4.893947
3.882698 2.593370
-10.160122 1.749154
-9.267394 -4.352541
-5.372493 3.295881
-10.019831 -6.658415
-4.740944 3.516066
-1.972057 -2.976518
4.648108 1.202072
3.741184 1.000431
-4.219000 -0.789197
5.166841 -3.760243
-4.674686 0.974958
-7.153813 1.756813
-8.998075 2.300772
10.111044 -3.346807
11.261597 -1.453953
-7.793203 2.970155
4.758853 2.539643
-7.076614 3.041848
-10.233978 -4.579032
4.948754 0.473306
5.596396 -2.767052
4.757004 0.393864
1.842040 -0.662778
-2.084128 1.137727
0.051921 -1.520087
0.681103 3.155163
10.260301 -0.790924
6.320696 -1.451245
-10.333790 -6.332085
9.810458 -5.657122
8.976496 -1.422884
-4.665725 3.323392
-0.382508 3.949020
-0.635845 -0.074186
-4.863136 3.891278
-3.466435 2.928262
-7.326621 -2.802762
9.315119 2.722243
-5.797498 2.665265
-3.717579 2.582507
-0.466509 -0.232393
-5.564285 0.536631
-2.307443 -1.405130
5.294912 5.127082
4.354813 1.852707
-1.012473 -2.967029
-3.949545 -2.089488
-4.561193 5.923419
-3.816609 -1.491374
4.859984 3.159515
4.945748 5.190300
-5.336777 0.362020
8.050122 1.865985
10.607101 0.645359
9.125072 1.621832
-10.071955 2.825070
5.918119 -4.766471
8.994522 -0.630389
8.060990 -0.568274
-6.570523 -0.405775
-0.668714 -4.469720
4.722327 4.516891
-9.229300 1.387313
-10.428520 1.175692
3.775896 -2.357227
-5.366367 3.990231
7.912989 -3.559108
11.360215 -0.831365
10.094249 -0.584793
11.093352 -3.057161
-11.079251 1.046945
5.635485 -1.801184
10.267607 -2.001040
-10.518456 3.049110
8.776796 1.401683
-8.407366 1.338267
-2.303923 -2.669474
-5.411456 1.431364
-4.935573 -2.541317
7.550975 -4.646644
-8.213247 2.533340
8.596599 -2.899468
9.737545 2.900967
-8.139129 -4.347615
9.182306 -2.783960
7.572190 -2.245053
2.258809 -2.631010
5.027347 -1.227485
5.476022 5.156407
-7.129648 -1.866565
-2.107147 -3.352568
5.299316 -4.170432
-10.150496 2.082214
10.392679 3.779450
9.741342 -2.644691
9.115183 2.918164
8.203964 -1.824234
7.148952 0.738538
6.510874 -2.950520
0.165172 1.320225
6.727010 -0.383459
-0.374246 -4.596676
-1.403275 2.386057
9.910098 0.569901
-5.771089 -0.386250
-3.600321 3.589760
0.317362 2.451226
-3.455595 -0.755324
7.613976 4.618495
9.966681 -3.289134
9.504201 5.826997
5.914547 -0.904971
-10.985167 2.395702
-9.042995 5.158820
-6.894923 -2.045952
0.536433 -3.909783
3.666656 2.391081
-4.722586 4.469100
6.752491 2.178463
-4.682259 3.055191
4.144333 -2.740682
-6.083183 0.435059
10.661901 1.108117
0.090357 1.016045
-5.994403 3.591096
5.450655 -4.445328
1.408790 -2.123613
10.348583 4.803930
-7.930801 2.205940
-5.200953 -1.847206
0.742764 1.326346
5.079861 2.927676
-3.004435 2.960820
-7.735608 4.267229
7.563195 3.168533
10.607058 3.489363
11.029440 -1.396979
-6.440753 0.938464
5.941534 3.132711
-7.719757 -0.870570
-8.980888 -3.359452
5.368914 5.472276
7.025165 -2.125857
0.097957 0.641873
9.613070 1.849077
6.705307 -2.034205
-10.444564 -5.824278
-2.220732 -1.645819
1.784401 -1.743940
9.744825 -5.270283
-4.303644 -2.295303
-11.235698 2.909479
-9.115024 1.905348
8.136567 2.470100
4.496216 -4.831501
9.188274 3.696928
-11.115384 -0.202096
-4.023145 -4.982175
2.982658 1.803679
-6.465715 -2.820565
-7.099670 -1.681690
-9.013405 -2.263064
10.801189 1.480538
-7.462794 -2.226259
7.283056 -2.775394
10.875679 -2.619002
-8.004828 -0.289525
4.261626 5.341424
-9.835128 -0.103878
4.546645 -0.317584
10.170041 0.691312
-3.946717 4.592575
10.796764 4.618372
4.361568 2.860974
-10.369310 4.232616
5.830252 2.012901
3.802881 -2.177098
-10.699320 4.609565
3.724227 0.611976
-7.384362 2.077238
-10.293987 -3.763856
7.982114 4.376477
-10.057285 -6.871392
7.130805 -0.049453
-0.732467 1.224863
4.574134 0.320862
-4.291376 -0.579214
-8.693161 2.550147
9.903325 0.412181
-9.836100 -4.880113
2.670928 3.393630
-5.622025 -1.950155
8.172923 4.403856
-6.879425 3.020945
-4.130161 1.145917
-5.388403 -2.177155
-9.893432 -3.398777
8.120007 1.004035
7.018887 4.338255
2.411178 2.394933
3.763932 -1.305154
4.671721 3.870579
-11.202117 1.785639
-8.037987 -3.034832
-0.819294 -0.842271
11.062231 4.372726
-2.398492 0.260405
-8.672338 -2.598244
4.985143 -1.882660
7.115469 -0.367569
11.111404 -2.389371
-9.254744 3.085090
8.687473 1.544430
5.250206 -0.792303
1.555042 2.270476
-9.793379 -1.319132
8.966799 -2.722446
-9.647124 -1.419866
-5.202166 3.781478
-0.734359 -3.991216
7.923526 -2.542229
7.463163 3.867096
-3.182947 2.783295
2.117992 -2.082769
-7.691684 -2.874774
0.638745 -3.124836
3.266692 -2.610279
10.058714 -0.783718
-4.317561 -5.395422
-5.469813 -1.843717
-0.855081 -0.400155
10.091341 2.380340
-7.934217 -1.263906
5.288094 -0.497409
4.601935 -4.543602
-3.244592 2.069236
5.546587 3.178433
2.507370 -2.986589
-4.871017 -3.054050
8.531425 -0.125514
9.148118 -1.823433
9.295565 5.582666
4.402189 -0.456151
-0.453621 -2.847481
6.839608 -2.363096
-10.671494 -5.454011
-11.180013 2.275086
-0.866187 -1.313788
8.469784 0.839166
-9.218786 -3.865628
3.287383 -0.263860
-2.174787 1.806033
-6.523863 2.476369
-6.096974 4.493737
-6.528914 -3.252098
0.048231 -1.028825
-0.618209 -4.129145
-7.040774 -2.520105
9.583131 1.677023
-0.709816 4.805611
-6.809278 -4.393816
5.869207 2.706206
5.274020 1.369119
8.845360 -0.312107
0.289009 -3.001224
2.549815 -2.231762
10.434953 -4.081914
-2.615150 0.123852
-0.217549 2.733731
-10.435571 -3.904652
-9.441487 -0.011244
4.430109 -1.435801
-1.052326 -2.576775
7.939369 -0.476004
-10.996213 -0.694607
0.432328 4.106561
-8.607237 -0.197222
-10.153296 -0.017057
5.263366 1.678028
9.107322 0.770684
-7.123274 -2.938692
-10.046585 -0.908422
-2.129607 0.074627
0.790018 2.328409
-10.813968 -4.035447
-5.750779 -3.714484
8.154929 3.282093
3.934599 0.643900
-5.858790 -4.038888
-2.136922 -1.794105
7.648654 0.982945
-6.604692 -4.062792
-10.627497 0.497957
-9.000547 1.167614
-5.352564 -0.523100
-0.414902 -4.062675
-7.435669 3.643618
9.323377 6.146637
8.862945 -2.588274
-7.657149 1.912106
-7.174081 3.296008
4.715583 -5.407781
11.010025 2.450809
10.257587 2.169135
0.424243 0.234960
10.227082 5.688705
-3.104484 -0.458608
5.051897 -5.091899
0.535490 3.642778
0.599904 -2.796535
0.399989 -4.109089
4.639358 2.372791
-2.207668 -0.398800
-6.692955 -2.473709
10.647003 2.215181
10.122708 5.275111
3.508796 -3.042652
6.289999 1.061411
-9.814624 1.241542
-8.104042 0.676237
9.269249 5.191356
-9.634200 -0.010423
7.907792 -4.307309
6.489049 2.290540
4.900584 0.292424
-0.459801 4.328521
8.414051 -2.688212
-10.300556 6.599299
8.462765 2.126934
-5.416416 2.492433
-2.941303 -1.827217
3.542292 -2.577320
4.317373 -1.998387
7.539464 2.073299
0.241831 -3.957825
2.678869 3.082133
-7.344447 -1.057598
-6.765540 2.537555
-0.768710 1.726651
3.043546 2.149677
-8.732656 -3.167186
0.190797 -4.104090
6.031278 -1.478056
3.092911 -2.220672
-10.198820 3.545427
-7.686244 -4.770187
7.787901 -0.897557
-0.398523 2.423635
-4.535446 -3.506988
9.269835 3.065524
-1.892072 -1.019043
1.977061 1.163862
6.865236 2.956033
-1.760374 -3.070813
0.467445 -0.970798
-4.494046 -1.529330
-2.551924 -0.987364
2.082587 -1.024311
-7.041383 1.332223
-9.170372 0.861635
-10.970520 -2.453246
8.855396 1.028342
7.920046 2.562207
-7.332704 -0.381555
11.173874 -3.673069
-5.449724 4.155977
8.472401 3.857706
5.372416 -1.890531
-7.815062 0.944590
3.623909 1.166792
5.920408 -4.991735
11.101703 3.314069
3.869433 3.158795
-4.557400 4.054231
-2.761008 2.430382
-0.804323 -1.137647
-10.956792 0.205487
1.215827 1.530118
-5.948841 -2.873267
-7.743449 0.326533
-0.025399 4.650682
5.892203 -4.606508
6.345448 -0.594507
-9.059762 -3.710797
10.936275 -4.615282
9.979819 -6.469135
-10.547625 3.262672
-9.570388 -3.309051
10.493754 2.132331
10.978186 -2.953487
-2.972717 -2.039639
0.769803 -0.074760
-2.525735 2.810649
-0.564469 3.380792
-7.323670 3.266069
0.409893 -4.537062
-6.799994 -0.621471
4.501980 3.061075
0.157659 -3.107572
6.330584 0.836134
6.113786 -2.228885
-0.247840 -0.869117
-4.017231 0.532575
7.901762 -1.677088
-10.043803 -6.422483
11.254000 -1.733623
0.705684 0.173186
-10.624376 6.010828
4.573746 3.737774
-2.242753 -0.597199
2.878473 -0.376664
4.295405 3.538988
-3.113608 -1.961120
9.862476 -5.801098
-0.285274 -3.075551
-7.992342 -1.846954
6.469924 -3.935908
7.195008 -2.182658
2.885495 -3.552924
-1.845554 -0.674987
4.977439 -3.697645
0.245274 0.900981
4.373480 -5.539291
7.384743 0.197657
5.873597 0.229312
-10.187621 5.624098
8.718474 -3.412687
2.304527 -3.178942
2.705096 3.644800
-7.940797 4.702030
-10.849550 3.769048
1.649157 -2.163713
6.869239 1.349184
-0.836976 -2.790714
10.302169 6.080319
9.422554 4.020480
0.838271 -0.661621
4.693734 1.937532
7.051854 4.664773
1.081522 -1.294321
-10.458753 5.045557
2.562210 -0.541823
2.804087 -2.981851
-3.750280 -0.387027
2.276238 2.307180
1.332668 -1.351130
-9.691750 2.796038
-6.873562 -1.432124
0.299275 2.052419
4.242596 2.001728
-6.279305 -2.880647
-9.978783 3.391857
11.023785 -3.646588
-10.814069 -2.928198
6.191557 0.270991
-0.719536 -3.715668
5.341072 0.813709
4.052584 -0.199805
-2.121653 -2.470811
-4.011086 -0.671840
0.622453 -0.147531
-11.168653 -3.847136
-3.575618 1.426461
10.411430 4.339171
10.108818 -2.421458
-3.681382 3.280429
5.158021 -4.066411
-9.194161 -2.274419
7.948531 0.346092
-4.012563 -0.154625
-0.399641 1.785308
1.810079 -2.239100
-4.162486 5.130006
-6.641385 1.328137
1.109847 0.789569
9.964108 -5.471681
-7.990819 1.262024
7.213311 -4.772188
7.819427 0.063445
-0.673310 2.987647
7.025291 1.920744
8.027353 1.135504
9.601691 -1.258747
5.592220 2.940089
9.026722 2.179049
9.035173 4.827690
2.908596 0.830319
9.972204 0.798753
5.866143 5.248815
-4.079302 0.913073
-1.478548 2.698696
-10.016433 1.669796
3.961171 -2.475824
7.258820 0.602924
-8.931693 1.775594
9.009643 -1.888379
-5.567663 -2.722331
6.666351 -2.236941
-5.001768 2.687148
-9.841516 4.759829
